marker , chromosome , position , A , B , AxB0001 , AxB0002 , AxB0003 , AxB0004 , AxB0005 , AxB0006 , AxB0007 , AxB0008 , AxB0009 , AxB0010 , AxB0011 , AxB0012 , AxB0013 , AxB0014 , AxB0015 , AxB0016 , AxB0017 , AxB0018 , AxB0019 , AxB0020 , AxB0021 , AxB0022 , AxB0023 , AxB0024 , AxB0025 , AxB0026 , AxB0027 , AxB0028 , AxB0029 , AxB0030 , AxB0031 , AxB0032 , AxB0033 , AxB0034 , AxB0035 , AxB0036 , AxB0037 , AxB0038 , AxB0039 , AxB0040 , AxB0041 , AxB0042 , AxB0043 , AxB0044 , AxB0045 , AxB0046 , AxB0047 , AxB0048 , AxB0049 , AxB0050 , AxB0051 , AxB0052 , AxB0053 , AxB0054 , AxB0055 , AxB0056 , AxB0057 , AxB0058 , AxB0059 , AxB0060 , AxB0061 , AxB0062 , AxB0063 , AxB0064 , AxB0065 , AxB0066 , AxB0067 , AxB0068 , AxB0069 , AxB0070 , AxB0071 , AxB0072 , AxB0073 , AxB0074 , AxB0075 , AxB0076 , AxB0077 , AxB0078 , AxB0079 , AxB0080 , AxB0081 , AxB0082 , AxB0083 , AxB0084 , AxB0085 , AxB0086 , AxB0087 , AxB0088 , AxB0089 , AxB0090 , AxB0091 , AxB0092 , AxB0093 , AxB0094 , AxB0095 , AxB0096 , AxB0097 , AxB0098 , AxB0099 , AxB0100
A_0001 , A , 0 , 1 , 2 , 1 , 2 , 2 , 1 , 2 , 1 , 2 , 0 , 1 , NA , NA , 2 , 0 , 1 , 1 , 1 , 2 , 2 , 2 , 2 , 2 , NA , 0 , 2 , 0 , 3 , 0 , 1 , 1 , 0 , 1 , 1 , 1 , 3 , 1 , NA , 2 , 1 , NA , 2 , 2 , NA , 1 , 1 , 3 , 1 , 1 , 3 , 1 , 1 , 1 , 1 , NA , NA , 2 , 1 , 0 , 1 , NA , 0 , 1 , 2 , 3 , 2 , 1 , 2 , 2 , 3 , 2 , NA , 2 , 1 , 2 , 0 , 2 , 1 , 0 , 2 , 1 , 2 , 1 , 2 , 2 , 2 , 2 , 1 , 2 , 2 , 2 , 0 , 2 , NA , 1 , 1 , 2 , 1 , 2 , 1 , 2 , 2
A_0004 , A , 0.54 , 3 , 4 , 3 , 3 , 3 , 3 , 3 , 3 , 3 , NA , 3 , 4 , NA , 4 , 3 , 4 , NA , 3 , 1 , 4 , 3 , 4 , 4 , 4 , 3 , NA , 3 , 4 , 3 , 3 , 3 , 3 , 3 , 3 , 3 , 4 , 3 , 3 , 4 , 4 , 3 , 4 , 3 , NA , 3 , NA , 4 , 4 , 4 , 4 , 4 , 4 , 4 , NA , 4 , 3 , 4 , 3 , 4 , 3 , 4 , 3 , 4 , 3 , 4 , 3 , 3 , 3 , 3 , 3 , 4 , NA , 3 , 4 , 4 , 4 , 4 , 3 , 3 , 4 , 3 , 4 , 4 , 3 , NA , 4 , 3 , 3 , 4 , 4 , 4 , 3 , NA , 3 , 3 , 3 , 4 , NA , 4 , 3 , 4 , 3
A_0008 , A , 3.16 , 1 , 1 , 1 , 1 , 1 , 1 , 1 , 0 , 0 , 2 , 0 , 0 , NA , 2 , 3 , 1 , 2 , 1 , 0 , 2 , 1 , 1 , NA , 1 , 2 , 1 , 1 , 0 , 1 , 1 , 1 , 2 , 1 , 1 , 1 , 0 , 0 , 0 , 1 , 1 , 1 , 1 , 0 , 1 , NA , 1 , 1 , 1 , 2 , 1 , 2 , 1 , 3 , NA , 0 , 1 , 2 , NA , 2 , 1 , 0 , 2 , 1 , 0 , 0 , 0 , 0 , NA , 1 , 0 , 1 , 0 , 0 , 2 , 1 , 2 , 0 , 0 , 0 , 1 , 1 , 1 , 2 , 1 , 1 , NA , 1 , 1 , 0 , 1 , 1 , 0 , NA , 1 , 1 , 1 , 2 , 0 , 1 , 1 , 0 , 0
A_0009 , A , 4.6 , 1 , 1 , NA , 0 , 2 , 1 , 2 , 0 , 2 , 0 , NA , 1 , 1 , 1 , 0 , 0 , 1 , 0 , 1 , NA , 2 , 1 , 2 , 1 , 0 , 1 , 1 , 2 , 0 , 1 , 1 , 0 , 1 , 0 , 0 , 2 , 1 , 1 , 1 , 1 , 2 , 1 , 1 , 0 , 0 , NA , 2 , NA , 0 , 2 , 1 , 1 , 0 , 1 , 2 , 0 , 1 , NA , 0 , 0 , 2 , 0 , 1 , 1 , 1 , 2 , 0 , 2 , NA , 2 , 1 , 2 , 2 , 1 , 2 , 0 , 2 , 1 , 0 , 1 , 1 , 1 , 1 , NA , 1 , 2 , 1 , 0 , 2 , NA , 1 , 0 , 2 , 1 , 1 , 1 , 1 , 0 , 2 , 0 , 1 , 1
A_0010 , A , 5.57 , 4 , 3 , 3 , NA , 3 , NA , 3 , 4 , NA , 4 , 3 , 4 , 3 , 4 , 4 , NA , 4 , 4 , 4 , 4 , 3 , 3 , 3 , 4 , 4 , NA , 4 , 3 , 4 , 3 , 3 , 4 , NA , 4 , 4 , 3 , 3 , 3 , 4 , 3 , 3 , 4 , 4 , 4 , 4 , 4 , 1 , 4 , 4 , 3 , 4 , 3 , 4 , 4 , 3 , 4 , 4 , 3 , 4 , 4 , 3 , 4 , 4 , 3 , 4 , 3 , 4 , 3 , NA , 3 , 4 , 3 , 3 , 4 , 3 , 4 , 3 , 4 , 4 , 3 , 3 , 3 , NA , 3 , 3 , 3 , 3 , 4 , NA , 3 , 3 , 4 , 3 , 3 , 3 , 3 , 3 , 4 , 3 , 4 , 4 , 3
A_0011 , A , 7.26 , 3 , 3 , 4 , 3 , 3 , 3 , 3 , 4 , NA , NA , 4 , 4 , 3 , 2 , NA , 3 , 3 , 3 , 4 , 2 , 3 , 3 , 3 , 3 , 2 , 3 , 3 , 4 , 3 , 3 , NA , 3 , 3 , 4 , 3 , 3 , 4 , 4 , 3 , 3 , 3 , 3 , 4 , 2 , 2 , 3 , NA , 3 , 2 , 4 , 2 , 3 , 2 , NA , 4 , 3 , 2 , 3 , 2 , 3 , 4 , 2 , 3 , 4 , 0 , 4 , NA , 4 , 3 , 4 , 3 , 4 , 4 , 2 , 3 , 2 , 4 , 4 , NA , 3 , 2 , 3 , 2 , 3 , 3 , 3 , 3 , NA , 4 , 3 , 3 , 4 , 4 , 3 , 2 , 3 , 2 , 4 , 2 , 3 , 4 , 4
A_0012 , A , 7.26 , 1 , 2 , 2 , 1 , 2 , 1 , 2 , 1 , 2 , 0 , 2 , 2 , NA , 2 , 1 , 1 , 1 , 1 , 2 , 1 , 2 , 2 , 2 , 2 , 0 , 2 , 1 , 3 , 0 , 1 , 1 , 0 , 1 , 1 , 1 , 2 , 1 , 2 , 2 , 1 , 2 , NA , 2 , NA , 1 , 1 , 3 , 3 , 1 , 3 , 0 , 1 , 1 , 1 , NA , NA , 2 , 1 , 0 , 1 , 3 , 0 , 1 , 2 , 3 , 3 , NA , 2 , NA , 3 , NA , 3 , 2 , 1 , 2 , 0 , 1 , 1 , 0 , 2 , NA , 2 , NA , 2 , 2 , 2 , NA , 1 , NA , 2 , NA , 1 , 2 , NA , 1 , NA , 1 , 1 , 1 , 2 , 2 , 2
A_0013 , A , 7.26 , 1 , 0 , NA , 1 , 1 , 1 , 1 , 0 , 1 , 0 , 1 , 1 , 0 , 1 , 0 , NA , 1 , 0 , 1 , 1 , 1 , 0 , 1 , 1 , 0 , 1 , 1 , 1 , 0 , NA , 0 , 0 , 1 , 0 , 0 , 1 , 0 , 0 , 1 , 0 , 0 , 1 , 1 , 0 , 0 , 1 , 1 , 1 , 0 , 1 , NA , NA , 0 , 1 , 1 , 0 , NA , 0 , 0 , 0 , 1 , 0 , 1 , 0 , 1 , 1 , 0 , 1 , 0 , 1 , NA , 1 , 1 , 1 , NA , 0 , 0 , 1 , 0 , NA , 0 , 0 , 0 , NA , 0 , NA , 0 , 0 , 1 , 0 , 0 , 1 , 1 , 0 , 0 , 0 , 0 , 0 , 1 , 0 , 1 , 0
A_0014 , A , 9.41 , 3 , 3 , 4 , 3 , 3 , NA , 3 , 4 , 4 , 2 , 4 , 4 , 3 , 2 , 2 , 3 , 3 , 2 , 4 , 2 , 3 , 3 , 3 , NA , 2 , NA , 3 , 3 , NA , 3 , 3 , 3 , 3 , 4 , 3 , 3 , 4 , 4 , 3 , 3 , 3 , 3 , 4 , 2 , 2 , NA , 3 , 3 , 2 , 4 , 2 , 3 , 2 , 3 , 4 , 3 , NA , 3 , 2 , NA , 4 , 2 , 3 , 4 , NA , 4 , 4 , 4 , NA , 4 , 3 , 3 , 4 , 2 , 3 , 2 , 4 , 4 , 3 , 3 , 2 , 3 , 2 , 3 , 3 , 3 , 3 , 3 , 4 , NA , 3 , NA , 4 , 3 , 3 , NA , 2 , 4 , 2 , 3 , 4 , 4
A_0015 , A , 9.41 , 1 , 1 , 0 , 1 , 1 , 1 , 1 , 0 , 4 , 2 , 0 , NA , 1 , NA , 2 , 1 , 1 , 2 , 0 , 2 , 1 , 1 , 1 , 1 , NA , 1 , 1 , 1 , 1 , 1 , 1 , 1 , 1 , 0 , 1 , 1 , 0 , 0 , 1 , 1 , 1 , 1 , 0 , 2 , 2 , 1 , 1 , 1 , 2 , 0 , NA , 1 , 2 , 1 , 0 , 1 , 2 , 1 , 2 , 1 , 0 , 2 , 1 , 0 , 2 , 0 , 0 , 0 , 1 , 0 , 1 , NA , 0 , 2 , 1 , 2 , 0 , 0 , 1 , 1 , 2 , 1 , 2 , 1 , 1 , 1 , 1 , NA , 0 , 1 , 1 , 0 , 0 , 1 , 1 , 1 , 2 , NA , 2 , NA , 0 , 0
A_0016 , A , 9.41 , 4 , 3 , 3 , 3 , 4 , 3 , 4 , 3 , 3 , 3 , 3 , 3 , 4 , 4 , 4 , 4 , NA , 4 , 3 , 3 , 4 , 4 , 4 , 4 , 3 , NA , 3 , 4 , 3 , 4 , 3 , NA , 3 , 3 , 3 , 4 , 3 , 4 , 4 , NA , 4 , 4 , 3 , 4 , NA , 3 , 4 , 4 , 4 , NA , 3 , NA , 4 , 3 , 3 , 3 , 4 , 3 , 3 , 4 , 4 , 3 , NA , 4 , 4 , 4 , 3 , 3 , 4 , 4 , 4 , 4 , 3 , 3 , 4 , 3 , 3 , 2 , 2 , NA , 3 , 4 , 4 , NA , 4 , 4 , NA , 3 , 3 , 4 , 3 , 2 , 3 , NA , 4 , 4 , 3 , NA , 3 , 4 , 3 , 4
A_0018 , A , 12.01 , 3 , 4 , 3 , 3 , 3 , 3 , 3 , 4 , 3 , 3 , 3 , 3 , 4 , 3 , NA , 4 , 3 , 4 , 3 , 3 , 3 , 4 , 3 , 3 , 4 , 3 , 3 , 3 , 4 , 4 , 4 , 1 , 3 , 4 , 4 , 3 , NA , 4 , 3 , 4 , 3 , 3 , 1 , 4 , 4 , 3 , 3 , 3 , 4 , 3 , NA , 4 , 4 , 3 , 3 , 4 , 3 , 4 , NA , NA , 3 , 4 , NA , 4 , 4 , 3 , 4 , 3 , 4 , 3 , 3 , 3 , 3 , NA , 3 , 4 , 4 , 3 , 4 , 4 , 4 , 4 , 4 , 4 , NA , 3 , 4 , 4 , 3 , 4 , 4 , NA , 3 , 4 , 4 , 4 , 4 , 4 , 3 , 4 , 3 , 4
A_0019 , A , 12.01 , 4 , 3 , 4 , 2 , 3 , 3 , 2 , 3 , 4 , 3 , 3 , NA , 3 , 2 , 2 , 2 , 3 , 2 , 3 , 2 , 3 , 2 , 2 , 2 , 2 , 2 , 2 , NA , 0 , 2 , 3 , 2 , 3 , NA , 3 , 2 , 3 , 3 , NA , 2 , 3 , 2 , 4 , 1 , 2 , 2 , 2 , 3 , 1 , 3 , 2 , 2 , 1 , NA , NA , 2 , 2 , 3 , 1 , NA , 3 , 2 , 2 , 3 , 2 , 3 , 3 , NA , 3 , 4 , 2 , 3 , 4 , 2 , 2 , 1 , 3 , 3 , 3 , 2 , 2 , 2 , 1 , 3 , 2 , 2 , 3 , 3 , 3 , 3 , 2 , 3 , 3 , 3 , 2 , 2 , 2 , 2 , 2 , 2 , 3 , 3
A_0020 , A , 12.34 , 4 , 2 , 3 , 3 , 4 , 3 , 4 , 2 , NA , 3 , 3 , 3 , 3 , 3 , 3 , 3 , 3 , 3 , NA , 3 , 4 , 3 , 4 , 3 , 3 , 4 , 3 , 4 , 3 , 4 , 3 , 3 , 3 , 2 , 2 , 4 , 3 , 3 , 3 , 3 , 4 , 3 , 2 , 4 , 3 , 3 , NA , 2 , 3 , 3 , NA , 3 , 3 , 3 , 3 , 3 , 3 , 3 , 3 , 3 , NA , 3 , NA , 3 , 4 , 3 , 2 , 3 , 3 , NA , 3 , 3 , 3 , 3 , 4 , NA , 3 , 2 , 2 , NA , NA , 3 , 4 , 3 , 3 , NA , 3 , 2 , 3 , 3 , 3 , 2 , 3 , 3 , 4 , 4 , 3 , 2 , 3 , 3 , NA , 3
A_0022 , A , 13.33 , 2 , 4 , 4 , 3 , 4 , 4 , 3 , NA , 4 , 4 , 3 , NA , 3 , 3 , 3 , 3 , 4 , 3 , 3 , 3 , 4 , 2 , 3 , 3 , 3 , 3 , 3 , 3 , 3 , 3 , 3 , 3 , 4 , 3 , 3 , NA , 3 , 3 , NA , 2 , NA , 3 , 4 , NA , 3 , 3 , 3 , 3 , 2 , 3 , 3 , 2 , 2 , 3 , NA , 3 , 3 , 3 , 2 , 3 , 3 , 3 , 3 , 3 , 2 , 3 , 3 , 3 , 3 , 4 , NA , 3 , 4 , NA , 3 , 2 , 3 , 3 , 3 , 2 , 3 , 2 , 2 , 3 , 2 , 3 , NA , 3 , 3 , 3 , 2 , 3 , 3 , 3 , NA , 3 , 3 , 2 , 3 , 2 , NA , 3
A_0024 , A , 14.13 , 1 , 2 , 2 , 2 , 3 , 2 , 3 , 0 , 2 , 2 , 2 , 2 , 1 , 2 , 1 , 1 , 2 , 1 , 1 , 2 , NA , 1 , 3 , NA , 1 , 3 , 2 , 3 , NA , 2 , 1 , 2 , 2 , 0 , 0 , 3 , 1 , 1 , 2 , 1 , 3 , 2 , 1 , 2 , 1 , 2 , 2 , 1 , 1 , 2 , NA , 1 , 1 , 2 , 2 , 1 , NA , 1 , 2 , 1 , 2 , 1 , 2 , 1 , 0 , 2 , 0 , 2 , NA , 1 , 2 , 2 , 2 , 2 , NA , 1 , 1 , 1 , 0 , 1 , NA , 1 , 2 , 1 , 1 , 3 , 1 , 0 , 2 , 1 , 1 , NA , 2 , 1 , 1 , 2 , 1 , 0 , 2 , 1 , 1 , 1
A_0025 , A , 14.13 , 2 , 2 , 1 , 2 , 0 , 1 , 1 , 3 , NA , 1 , NA , 2 , 2 , 2 , 2 , 2 , 1 , 2 , 3 , 2 , 0 , 3 , 1 , 2 , 2 , 1 , 2 , 1 , 2 , 1 , 2 , 2 , 1 , 3 , 3 , 1 , 2 , 2 , 2 , 3 , 0 , 2 , NA , 2 , 2 , 2 , 2 , 3 , 3 , 2 , 2 , 3 , 3 , 2 , 2 , 2 , 2 , 2 , 2 , 2 , 2 , 2 , 2 , 2 , 4 , 2 , 3 , 2 , NA , 2 , 2 , NA , 1 , NA , NA , 3 , 2 , 3 , 3 , 3 , 2 , 3 , 2 , 2 , 3 , 1 , 2 , 3 , 2 , 2 , 3 , 3 , 2 , 2 , 2 , 1 , 2 , 4 , 2 , NA , NA , 2
A_0026 , A , 14.13 , 0 , 2 , 1 , 1 , 0 , 1 , 0 , 2 , 1 , 1 , 1 , 1 , 1 , 1 , 1 , 1 , 1 , 1 , 2 , 1 , 0 , 1 , 0 , 1 , 1 , 0 , 1 , 0 , 1 , 0 , 1 , 1 , 1 , 2 , 2 , 0 , 1 , 1 , NA , 1 , 0 , 1 , 2 , NA , 1 , 1 , 1 , 2 , 1 , 1 , 1 , 1 , NA , 1 , 1 , NA , 1 , NA , 0 , 1 , 1 , 1 , 1 , 1 , 2 , 1 , NA , 1 , 1 , 2 , 1 , 1 , 1 , 1 , 0 , 1 , 1 , 2 , 2 , 1 , 1 , 1 , 0 , 1 , 1 , 0 , 1 , 2 , 4 , 1 , 1 , 2 , 1 , 1 , 1 , 0 , 1 , 2 , 1 , 1 , 2 , 1
A_0027 , A , 15.33 , 2 , 0 , 2 , 1 , 2 , 2 , 1 , 1 , 2 , 2 , 1 , NA , 1 , NA , 1 , 1 , 2 , 1 , 1 , 1 , 2 , 0 , 1 , 1 , 1 , 1 , 1 , 1 , 1 , 1 , 1 , 1 , 2 , 1 , 1 , 1 , 1 , 1 , 1 , 0 , 2 , 1 , 2 , 0 , 1 , 1 , 1 , 1 , 0 , 1 , 1 , 0 , 0 , 1 , 1 , NA , 1 , 1 , 0 , 1 , 1 , 1 , 1 , 1 , 0 , 1 , 1 , 1 , 1 , 2 , 1 , 1 , 2 , 1 , 1 , 0 , 1 , 1 , 1 , 0 , 1 , NA , 0 , 1 , 0 , 1 , NA , 1 , 1 , 1 , 0 , 1 , 1 , 1 , NA , 1 , 1 , 0 , 1 , 1 , 1 , 1
A_0028 , A , 15.33 , 3 , 3 , 3 , NA , 4 , 3 , 3 , NA , 3 , 4 , 1 , 2 , NA , 4 , 4 , NA , 3 , 4 , 2 , 3 , 4 , 3 , 3 , 3 , 3 , 4 , 2 , 3 , 2 , 3 , 3 , 2 , 3 , 2 , 3 , 3 , 2 , 3 , NA , 2 , 4 , 3 , NA , 3 , 4 , 2 , NA , 3 , 3 , NA , 3 , 2 , NA , 2 , 2 , NA , 4 , 3 , 3 , 3 , 3 , 3 , 2 , 3 , 4 , NA , 2 , 2 , NA , 3 , 3 , 4 , 3 , 3 , 3 , 2 , NA , 1 , 2 , 3 , 3 , 3 , 3 , 4 , 2 , 3 , 4 , NA , 2 , 3 , 2 , 1 , 2 , 3 , 2 , 3 , 3 , 1 , 3 , 3 , 2 , NA
A_0029 , A , 16.77 , 3 , 2 , 2 , 3 , NA , 2 , 2 , 3 , 2 , NA , NA , 3 , 2 , 3 , 2 , 2 , NA , 3 , 4 , NA , 1 , 3 , 2 , NA , 2 , 2 , 2 , 2 , 2 , 1 , 2 , 3 , 2 , 4 , 3 , 2 , 2 , 2 , 3 , NA , NA , NA , 3 , 2 , 2 , 3 , 3 , 4 , 3 , 3 , 2 , 3 , 3 , 1 , 3 , 2 , 3 , 2 , 2 , 2 , 3 , NA , 3 , 2 , 4 , NA , 3 , 3 , 2 , NA , NA , 3 , 2 , 2 , 2 , 3 , 2 , 4 , 3 , 3 , 2 , 3 , 2 , 2 , 3 , 2 , 2 , 3 , 3 , 2 , 3 , NA , NA , 2 , 2 , 1 , 2 , 4 , 3 , 2 , 4 , 2
A_0030 , A , 16.77 , 2 , 3 , 2 , 4 , 2 , 3 , 3 , 3 , 2 , 2 , 4 , 4 , 1 , 3 , 2 , 3 , 3 , 3 , 4 , 3 , 2 , 2 , 3 , 4 , 2 , 2 , 3 , 3 , 3 , 2 , 1 , 3 , 3 , 4 , 2 , 3 , 3 , 2 , NA , 3 , 2 , 4 , NA , 2 , 2 , 4 , 3 , 4 , 3 , 3 , 2 , NA , 3 , 4 , NA , 3 , 3 , 1 , 2 , 3 , NA , 2 , 4 , 2 , 2 , 3 , 3 , 3 , 1 , 3 , 4 , 2 , 2 , 2 , 3 , NA , 2 , 4 , 2 , 2 , 2 , 2 , 2 , 1 , 2 , 3 , 1 , 2 , 3 , 2 , NA , 4 , 3 , 1 , 2 , 2 , 2 , 4 , 3 , 3 , 4 , NA
A_0031 , A , 16.77 , 0 , 2 , 1 , 1 , 0 , 1 , 0 , NA , NA , 1 , 2 , 1 , 1 , 1 , 1 , 1 , 2 , 1 , 2 , 1 , 0 , 1 , NA , 1 , 1 , 0 , 1 , NA , 1 , 0 , 1 , 1 , NA , 2 , 2 , 0 , 1 , 1 , 1 , 1 , 0 , 1 , 2 , 0 , 1 , 1 , 1 , 2 , 1 , 1 , 1 , NA , 1 , 1 , 1 , 1 , 1 , 1 , NA , 1 , 1 , 1 , 1 , 1 , 2 , 1 , 2 , 1 , 1 , 2 , NA , NA , 1 , NA , 0 , 1 , 1 , 2 , 2 , 1 , 1 , 1 , 0 , 1 , 1 , NA , 1 , 2 , 1 , 1 , 1 , 2 , 1 , 1 , 1 , 0 , 1 , 2 , 1 , 1 , 2 , 1
A_0032 , A , 18.6 , 1 , 1 , 1 , NA , 1 , 0 , 1 , 0 , 1 , NA , 0 , 0 , 2 , NA , 1 , 0 , NA , 0 , 0 , NA , 1 , NA , 1 , 1 , 1 , 2 , 3 , 1 , 0 , 1 , 2 , 1 , 0 , 0 , 1 , 1 , 0 , 1 , 0 , NA , 1 , 0 , 0 , 2 , 1 , 0 , NA , 0 , 1 , 1 , 1 , 2 , 1 , 0 , NA , 0 , 1 , 2 , NA , 0 , 1 , 1 , 0 , 1 , NA , 1 , 0 , 1 , 2 , 0 , 0 , 2 , 1 , 1 , 1 , 1 , 1 , 0 , 1 , 2 , 1 , 2 , 2 , 2 , NA , 1 , NA , 1 , 1 , 1 , 2 , 0 , 1 , 2 , NA , 1 , NA , 0 , 1 , 0 , 0 , 1
A_0033 , A , 18.94 , 2 , 4 , 3 , 2 , 3 , 3 , 2 , 3 , 3 , NA , 2 , 2 , 3 , 3 , 4 , 3 , 3 , 3 , 2 , 3 , 3 , 3 , 2 , 2 , 4 , 3 , 3 , 2 , 3 , 4 , 4 , 2 , 3 , NA , 4 , NA , 3 , 3 , 2 , 3 , NA , NA , 3 , 3 , 4 , 2 , NA , 2 , 3 , 2 , 4 , 3 , 3 , 2 , 3 , 3 , 3 , 4 , 3 , NA , 2 , 4 , 2 , 3 , 4 , 3 , 3 , NA , 4 , 3 , 2 , 3 , 3 , 4 , NA , 3 , 3 , 2 , 4 , 3 , 4 , 3 , 3 , 4 , 3 , 2 , 4 , 4 , 2 , 3 , 3 , 2 , NA , NA , 3 , 3 , 4 , 2 , 3 , NA , 2 , 3
A_0034 , A , 20.45 , 4 , 3 , NA , 3 , 4 , 3 , 4 , 3 , 3 , NA , 2 , 3 , 3 , 4 , 4 , 4 , 3 , 4 , 3 , 4 , 4 , 4 , 4 , 4 , 4 , 3 , 3 , 4 , 3 , 4 , 3 , NA , NA , 3 , 3 , 4 , 3 , 4 , 4 , 3 , 4 , 4 , 3 , 4 , 4 , 3 , 4 , NA , 4 , 4 , 3 , 3 , 3 , 3 , 3 , 3 , 4 , 3 , 4 , 4 , 4 , 3 , 3 , 4 , 4 , 4 , 3 , 3 , 4 , 3 , 4 , 4 , 3 , 3 , 4 , 3 , 3 , 2 , 2 , 4 , 3 , 4 , 4 , 4 , 3 , 4 , 4 , 3 , 3 , 4 , 3 , 2 , 3 , 3 , 3 , NA , 3 , 3 , 3 , 4 , 3 , 4
A_0037 , A , 20.45 , 2 , 4 , 3 , 2 , 3 , 3 , NA , NA , 3 , 3 , 2 , 2 , 3 , NA , 4 , 3 , 3 , 3 , 2 , 3 , 3 , 3 , 2 , 2 , 4 , 3 , 3 , 2 , 3 , 3 , 4 , 2 , 3 , 3 , 4 , 2 , 3 , 3 , 2 , 3 , 3 , 2 , 3 , NA , 4 , 2 , 3 , 2 , 3 , 2 , 3 , 3 , 3 , 2 , 3 , 3 , 3 , 4 , 3 , NA , 2 , 4 , 2 , 3 , 4 , 3 , 3 , 2 , 4 , 3 , 2 , 3 , 3 , NA , 2 , 3 , 3 , 2 , 4 , 3 , 4 , 3 , 3 , 4 , 3 , 2 , 4 , 4 , 2 , 3 , 3 , 2 , 2 , 4 , 3 , 3 , NA , NA , 3 , 3 , NA , 3
A_0038 , A , 22.52 , 0 , 1 , 1 , 1 , NA , 1 , 0 , 1 , 1 , 0 , 2 , 1 , 1 , 0 , 0 , 0 , 1 , 0 , 1 , 1 , 0 , 0 , 0 , 0 , 0 , 1 , 1 , 0 , 0 , 0 , 1 , 1 , 1 , NA , 1 , 0 , 1 , 0 , 0 , 1 , 0 , 0 , NA , 0 , 0 , 1 , 0 , 0 , 0 , 0 , 1 , 1 , 1 , 1 , 1 , 1 , 0 , 1 , 0 , 0 , 0 , 1 , 1 , 1 , 0 , 0 , 1 , 1 , 0 , 1 , 0 , 0 , 1 , 1 , 0 , NA , 1 , NA , 2 , 0 , 1 , 0 , 0 , 0 , NA , 0 , 0 , 1 , NA , 0 , NA , 1 , 1 , 1 , 1 , 1 , 1 , NA , 1 , 0 , NA , 0
A_0039 , A , 22.52 , 4 , 3 , 3 , 3 , NA , 3 , 4 , 3 , 3 , 4 , 2 , 3 , 3 , 4 , 4 , 4 , 3 , 4 , 3 , 3 , 4 , 4 , 4 , 4 , 4 , 3 , 3 , 4 , 1 , 4 , 3 , 3 , 3 , 3 , 3 , 4 , 3 , 4 , 4 , 3 , NA , 4 , 3 , 4 , 4 , 3 , 4 , 4 , 4 , 4 , NA , 3 , 3 , 3 , 3 , 3 , 4 , 3 , 4 , 4 , 4 , 3 , 3 , 3 , 4 , 4 , NA , 3 , 4 , 3 , 4 , 4 , 3 , 3 , 4 , 3 , 3 , NA , 2 , 4 , 3 , 4 , 4 , 4 , 3 , 4 , 4 , 3 , 3 , 4 , 3 , 3 , NA , 3 , 3 , 3 , 3 , 3 , 3 , NA , 3 , 4
A_0040 , A , 22.52 , 3 , 4 , 3 , 3 , 3 , 3 , 3 , 4 , NA , 3 , 3 , 3 , 3 , 3 , 4 , 4 , 3 , 3 , NA , 3 , 3 , 4 , 3 , 3 , 4 , 3 , 4 , 3 , 4 , 4 , 4 , 3 , 3 , 4 , 4 , 3 , 4 , 4 , 3 , 4 , 3 , 3 , 3 , 4 , 4 , 3 , 3 , 3 , 4 , 3 , 4 , 4 , 4 , 3 , 4 , 3 , 3 , 4 , 4 , 4 , 3 , 4 , 3 , 4 , 4 , 3 , 4 , 3 , 4 , 3 , 3 , 3 , 3 , 4 , 3 , 4 , 4 , 3 , 4 , 4 , NA , 4 , 4 , 4 , 4 , NA , 4 , NA , 3 , 4 , 4 , NA , 3 , 4 , 4 , 4 , 4 , 4 , 3 , NA , 3 , 4
A_0041 , A , 22.52 , 3 , 3 , 3 , 3 , NA , 4 , 2 , 3 , 3 , 3 , 3 , 3 , 4 , 4 , NA , 3 , 4 , 4 , 3 , 2 , 3 , 2 , 2 , NA , 4 , 3 , 3 , NA , 3 , NA , 3 , NA , 4 , 3 , 4 , 2 , 3 , 2 , 3 , 3 , 3 , 3 , 4 , 2 , 4 , 3 , 4 , NA , 3 , NA , 3 , 2 , NA , 3 , NA , 4 , 4 , 3 , 2 , 3 , 2 , 4 , 3 , 2 , 4 , 3 , NA , 2 , 3 , 4 , 3 , 3 , 3 , 4 , 2 , 3 , 3 , NA , 4 , 2 , 4 , 2 , 2 , 0 , 2 , 3 , 3 , 4 , 2 , 2 , 2 , NA , 2 , 3 , 2 , 3 , 4 , 2 , 4 , 3 , 3 , 2
A_0042 , A , 24.07 , 3 , 3 , 3 , NA , 3 , 4 , 2 , 3 , 3 , 3 , 3 , 3 , 4 , 4 , 4 , 3 , 4 , 4 , NA , 4 , 3 , 2 , 2 , 2 , 4 , 3 , 3 , 2 , 3 , 2 , 3 , NA , 4 , NA , 4 , 2 , NA , 2 , 3 , 3 , 3 , 3 , 4 , 2 , 4 , 3 , 4 , 3 , 3 , NA , 3 , 2 , 3 , NA , NA , 4 , 4 , 3 , 2 , 3 , 2 , 4 , 3 , 2 , NA , 0 , 3 , NA , NA , 4 , 3 , 3 , 3 , 4 , 2 , 3 , NA , 3 , 4 , 2 , 4 , 2 , 3 , NA , 2 , 3 , 3 , 4 , 2 , 2 , 2 , 2 , 2 , 3 , 2 , 3 , 4 , NA , 4 , NA , 3 , 2
A_0043 , A , 24.88 , 3 , 4 , 3 , 3 , 3 , 3 , 3 , 4 , NA , 3 , 3 , 3 , 3 , 3 , NA , 4 , 3 , 3 , 3 , NA , 3 , 4 , 3 , NA , 3 , 3 , 4 , 3 , 4 , 4 , 4 , 3 , 3 , 4 , 4 , 3 , 4 , 3 , 3 , 4 , 3 , 3 , 3 , 4 , 4 , 3 , 3 , 3 , 4 , 3 , NA , 4 , 4 , 3 , 4 , 3 , 3 , 4 , 4 , 4 , 3 , 4 , 3 , 4 , NA , 3 , 4 , 3 , 4 , 3 , 3 , 3 , 3 , 4 , 3 , NA , 3 , 3 , 4 , 4 , 4 , 4 , NA , 4 , 4 , 3 , 4 , 4 , 3 , 4 , 4 , 3 , 3 , 4 , NA , 4 , NA , NA , 3 , 4 , 3 , 4
A_0044 , A , 24.88 , 3 , 3 , 3 , 3 , 4 , 3 , 3 , 4 , 4 , 4 , 4 , 4 , 3 , 2 , 2 , 3 , 3 , 2 , 4 , 2 , 3 , 3 , 3 , 4 , 2 , 3 , NA , 3 , 3 , 2 , 1 , 4 , 3 , 4 , 3 , 3 , 0 , 4 , 3 , 2 , 3 , 3 , 4 , 2 , 2 , 3 , 2 , NA , 2 , 4 , 3 , 3 , 2 , 3 , 4 , 2 , 2 , NA , 2 , 3 , 4 , 2 , 3 , 4 , 2 , 4 , NA , 4 , 3 , 4 , 3 , 3 , 4 , 2 , 4 , 2 , 3 , 4 , 3 , NA , 2 , 3 , 2 , 3 , 3 , 2 , 3 , 3 , 4 , 4 , 3 , 4 , 4 , 3 , 3 , 3 , 3 , 4 , 2 , 3 , 4 , NA
A_0045 , A , 24.88 , 2 , 1 , 1 , 1 , 2 , 1 , 2 , 2 , 2 , 2 , 1 , 1 , 0 , 0 , 1 , 2 , 1 , 0 , 1 , 0 , 2 , NA , 2 , 2 , 0 , 1 , 2 , 2 , 2 , NA , 2 , 2 , 1 , 2 , 1 , 2 , 2 , NA , 1 , 1 , 2 , 1 , NA , 2 , 1 , 1 , 0 , 1 , 1 , NA , 2 , 2 , 1 , 1 , 3 , 0 , 0 , 2 , 2 , 2 , 2 , NA , 1 , 3 , 0 , 2 , 2 , 2 , 2 , 1 , 1 , 1 , 2 , NA , NA , 1 , NA , 1 , 1 , 2 , NA , 2 , 1 , 2 , 2 , 1 , 2 , 1 , 2 , 3 , 2 , 2 , 2 , 2 , 3 , 2 , 2 , 2 , 0 , 2 , 1 , 3
A_0046 , A , 24.88 , 2 , 1 , 1 , 1 , 2 , NA , 2 , 2 , 2 , 2 , 1 , 1 , 0 , 0 , 1 , 2 , 1 , NA , NA , 0 , NA , NA , 2 , 2 , 0 , 1 , 2 , NA , 2 , 2 , NA , 2 , 1 , 2 , NA , 2 , 2 , 2 , 1 , 1 , 2 , 1 , NA , 2 , 1 , 1 , NA , NA , 1 , 2 , 2 , 2 , 1 , 1 , 3 , 0 , 0 , 2 , 2 , 2 , 2 , 1 , 1 , 3 , 0 , 2 , 2 , 2 , NA , 1 , 1 , 1 , 2 , NA , 2 , 1 , 2 , 1 , 1 , NA , 1 , 2 , 1 , 2 , 2 , 1 , 2 , 1 , 2 , 3 , 2 , 2 , 2 , 2 , 3 , NA , 2 , 2 , NA , 2 , 1 , 3
A_0047 , A , 24.88 , 1 , 1 , NA , 1 , 1 , 0 , 2 , 1 , 1 , 1 , 1 , 1 , 0 , 0 , 0 , 1 , 0 , NA , 1 , 0 , 1 , 2 , 1 , 2 , 0 , 1 , 1 , 2 , 1 , NA , NA , 2 , 0 , 1 , 0 , 2 , 1 , 2 , 1 , 1 , 1 , 1 , 0 , 2 , 0 , 1 , NA , NA , NA , 2 , 1 , 2 , 1 , 1 , 2 , 0 , 0 , 1 , 2 , 1 , 2 , 0 , 1 , 2 , 0 , 1 , 1 , 2 , 1 , 0 , 1 , 1 , 1 , 0 , 2 , 1 , 1 , 1 , 0 , 2 , 0 , 2 , 1 , 1 , 2 , NA , 1 , 0 , 2 , 2 , 2 , 2 , 2 , NA , 2 , 1 , 1 , 2 , 0 , 1 , 1 , 2
A_0048 , A , 26.44 , 1 , 2 , 2 , 2 , 2 , 2 , 1 , 2 , 2 , 2 , 3 , 2 , 3 , 2 , 1 , 1 , 2 , 2 , 3 , 2 , 1 , 1 , 1 , 2 , 2 , 2 , 1 , 1 , 1 , 0 , NA , 2 , 2 , 2 , 2 , 1 , 1 , 2 , 2 , 1 , 1 , 2 , 3 , 0 , 1 , 2 , 2 , 3 , 1 , 2 , 1 , NA , 1 , 2 , 1 , 2 , NA , 1 , 0 , 1 , 2 , 1 , 2 , 1 , 2 , 2 , 2 , 2 , 1 , 3 , 2 , 2 , 2 , NA , 2 , NA , 1 , NA , 2 , 1 , 1 , 1 , NA , NA , 1 , 1 , 1 , 2 , 2 , 1 , 1 , NA , 2 , 1 , 0 , NA , 1 , 2 , NA , 1 , NA , 1
A_0049 , A , 26.44 , 1 , 1 , 0 , 1 , 1 , 0 , 2 , 1 , 1 , 1 , 1 , 1 , 0 , 0 , 0 , 1 , 0 , 0 , 1 , NA , 1 , 2 , 1 , 2 , 0 , 1 , 1 , 2 , 1 , 2 , 1 , 2 , 0 , 1 , 0 , 2 , 1 , 2 , 1 , 1 , 1 , NA , 0 , 2 , NA , 1 , 0 , 1 , 1 , 2 , 1 , 2 , 1 , 1 , 2 , 0 , 0 , 1 , 2 , 1 , 2 , 0 , 1 , NA , 0 , 1 , 1 , 2 , NA , 0 , 1 , 1 , 1 , 0 , 2 , 1 , NA , 1 , 0 , 2 , 0 , 2 , 1 , 1 , 1 , 1 , 1 , NA , 2 , 2 , 2 , 2 , NA , 1 , 2 , 1 , 1 , 2 , 0 , 1 , 1 , 2
A_0050 , A , 26.44 , 3 , 3 , 4 , 3 , 3 , 4 , 2 , 3 , 3 , 3 , 3 , 3 , 4 , 4 , 4 , 3 , 4 , 4 , NA , 4 , 3 , 2 , 3 , 2 , 4 , 3 , 3 , 2 , 3 , 0 , 3 , 2 , 4 , NA , 4 , 2 , NA , 2 , 3 , 3 , 3 , 3 , 4 , 2 , NA , 3 , 4 , 3 , 3 , 2 , 3 , 2 , 3 , 3 , 2 , 4 , 4 , 3 , 2 , 1 , NA , 4 , 3 , 2 , 4 , 3 , 3 , 2 , 3 , 4 , 3 , 3 , 3 , 4 , 2 , 3 , NA , 3 , 4 , 2 , NA , 2 , 3 , 3 , 3 , 3 , 3 , 4 , 2 , 2 , 2 , 2 , 2 , 3 , 2 , 3 , 3 , 2 , NA , 3 , 3 , 2
A_0051 , A , 27.94 , 3 , 3 , 2 , 3 , 4 , 3 , 3 , 4 , 3 , 4 , 4 , 3 , 3 , 2 , 4 , 3 , 3 , 2 , 4 , 2 , 3 , 3 , 3 , 4 , 2 , 3 , 3 , 3 , 3 , 2 , 3 , 4 , 3 , 4 , 3 , 3 , 3 , 3 , 3 , 2 , 3 , 3 , 4 , 2 , NA , 3 , 2 , NA , 2 , 4 , 3 , 3 , 2 , 3 , 4 , 2 , 2 , 3 , NA , 3 , 4 , 2 , 3 , 4 , 2 , 4 , 4 , 4 , 3 , 4 , 4 , 3 , 4 , NA , 4 , 3 , 3 , 4 , 3 , 3 , 2 , 3 , 2 , NA , 2 , 2 , 3 , 3 , NA , 4 , 3 , 3 , 4 , 3 , NA , 4 , 3 , 4 , 2 , 3 , 3 , 4
A_0053 , A , 27.96 , 3 , 3 , NA , 3 , 4 , 3 , 3 , 4 , 3 , NA , 4 , 3 , 3 , 2 , 2 , 3 , 3 , 2 , 4 , 2 , 3 , 3 , 3 , 4 , 2 , NA , 3 , 2 , 3 , 2 , 3 , 4 , 3 , 4 , 3 , 3 , 3 , 4 , NA , NA , 3 , 3 , 4 , 2 , 2 , 3 , 2 , 4 , 2 , 4 , 3 , 3 , 2 , 3 , 4 , 2 , 2 , 3 , 2 , 3 , NA , 2 , 3 , 4 , 2 , 4 , 2 , 4 , 3 , 4 , 4 , 3 , 4 , 2 , 4 , 3 , 3 , 4 , 3 , 3 , 2 , NA , 2 , 3 , 2 , 2 , 3 , 3 , 4 , 4 , 3 , 3 , 4 , NA , 3 , 4 , 3 , 4 , 2 , 3 , 3 , NA
A_0054 , A , 27.96 , 1 , 1 , 0 , NA , 1 , 0 , 2 , 1 , 1 , 1 , NA , 1 , 0 , 0 , 0 , 1 , 0 , NA , 1 , 0 , 1 , 2 , 0 , 2 , 0 , 1 , 1 , 2 , 1 , NA , 1 , 2 , 0 , 1 , 0 , 2 , 1 , 2 , 1 , 1 , 1 , 1 , 0 , 2 , NA , 1 , NA , 1 , NA , 2 , 1 , 2 , 1 , NA , 2 , 0 , 0 , 1 , 2 , 1 , 2 , 0 , NA , 2 , 0 , 1 , 1 , 2 , 1 , 0 , 0 , 1 , 1 , 0 , NA , 1 , 1 , 1 , 0 , NA , 0 , 2 , 1 , NA , 1 , 1 , 1 , 0 , 2 , 2 , 2 , 1 , 2 , 1 , 2 , 1 , 1 , 2 , 0 , 1 , 0 , 2
A_0055 , A , 28.45 , 1 , 1 , 2 , 1 , 0 , 1 , 1 , 0 , 1 , 0 , 0 , 1 , NA , 2 , 2 , 1 , 1 , 2 , 0 , 2 , 1 , 1 , 1 , 0 , 2 , 1 , 1 , 1 , 1 , NA , 1 , 0 , 1 , 0 , 1 , 1 , 1 , 0 , NA , 2 , 1 , 1 , 0 , 2 , 2 , 1 , 2 , 0 , 1 , NA , 1 , 1 , 2 , 1 , 0 , 2 , 2 , 1 , 2 , 1 , 0 , 2 , 1 , NA , 2 , 0 , NA , 0 , 1 , NA , 0 , 1 , 0 , 2 , 0 , 1 , 1 , 0 , 1 , NA , 2 , 1 , 2 , 1 , 2 , 2 , 1 , 1 , 0 , 0 , 1 , 1 , 0 , 1 , 1 , 0 , 1 , 0 , 2 , 1 , NA , 0
A_0056 , A , 28.66 , 3 , 3 , 2 , 3 , 4 , 3 , 3 , 4 , 3 , 4 , 4 , 3 , 3 , 2 , 2 , 3 , 3 , 2 , 4 , 2 , 3 , 3 , 3 , 4 , 2 , 3 , 3 , 3 , 3 , 2 , 3 , 4 , NA , NA , NA , 3 , NA , 4 , 3 , NA , 3 , 3 , 4 , 2 , 1 , 3 , 2 , 4 , 3 , 4 , 3 , 3 , 2 , 3 , 4 , 2 , NA , 3 , 2 , 3 , 4 , 2 , 3 , 4 , 2 , 4 , 4 , NA , 3 , 4 , 4 , 3 , 4 , NA , 4 , 3 , 3 , 4 , NA , 3 , 2 , 3 , 2 , 3 , 2 , 2 , 3 , 3 , 4 , 4 , 3 , 3 , NA , 3 , 3 , NA , 3 , 4 , 2 , 1 , 3 , 4
A_0058 , A , 31.14 , 0 , 1 , 1 , 0 , 1 , NA , 0 , NA , NA , NA , 2 , 1 , 1 , 0 , 0 , 0 , 1 , 0 , 1 , 1 , 0 , 0 , 1 , NA , 0 , 1 , 1 , 1 , 0 , 0 , 1 , 1 , 1 , 1 , 1 , 0 , 1 , 0 , 0 , NA , 0 , 0 , 1 , 0 , 0 , 1 , 0 , 0 , 1 , 0 , 1 , 1 , 1 , 1 , 1 , 1 , 0 , 1 , 0 , 0 , 0 , 1 , 1 , NA , 1 , 0 , 1 , 1 , 0 , 1 , NA , 0 , 1 , 1 , NA , 1 , 1 , 2 , 2 , 0 , 1 , NA , 0 , 1 , 1 , 0 , 0 , 1 , 1 , 0 , 1 , 1 , 1 , 1 , 0 , 1 , 1 , 1 , 2 , NA , NA , 0
A_0059 , A , 31.14 , 1 , 0 , 1 , 0 , 0 , 0 , 0 , 0 , 1 , 0 , 0 , 0 , 1 , 1 , 1 , NA , 0 , 1 , 0 , 1 , 0 , 1 , 0 , 0 , NA , NA , 0 , 0 , 0 , 1 , 1 , 0 , NA , 0 , 1 , 0 , 0 , 0 , 0 , 1 , 0 , 0 , NA , 1 , 1 , 0 , 1 , 0 , 0 , 0 , 0 , 1 , 1 , 0 , 0 , 1 , 1 , 1 , 1 , 0 , 0 , 1 , 0 , 0 , NA , 0 , 0 , NA , 1 , 0 , NA , 1 , 0 , 1 , 0 , 1 , 0 , NA , NA , 1 , 1 , 0 , 1 , 1 , NA , 1 , 1 , 1 , 0 , 0 , 1 , 1 , 0 , 1 , 0 , NA , 1 , 0 , 1 , 0 , 1 , 0
A_0060 , A , 33.13 , 3 , 3 , 4 , 3 , 3 , 4 , 2 , 3 , 3 , 3 , 3 , 3 , 4 , NA , NA , 3 , 4 , 4 , 3 , 4 , 3 , 2 , 3 , 2 , 4 , 3 , 3 , 2 , 3 , 2 , 4 , 2 , 4 , 3 , 3 , 4 , 3 , 2 , 3 , 4 , 3 , 3 , 4 , 2 , 4 , 3 , 4 , 3 , 3 , 2 , 3 , NA , 3 , 3 , 2 , 4 , 4 , 3 , 2 , 3 , 2 , 4 , 3 , 3 , NA , 3 , NA , 3 , 3 , 4 , 2 , 3 , 3 , 4 , 2 , NA , 3 , 3 , 4 , 2 , 4 , 2 , 3 , 3 , 3 , 3 , 3 , 4 , 2 , 2 , 2 , 3 , 2 , 3 , 2 , 3 , 3 , 2 , 4 , 3 , 4 , 2
A_0061 , A , 33.13 , 2 , 1 , 0 , 1 , 2 , 1 , 2 , 2 , 2 , 0 , NA , 1 , 0 , 0 , 1 , 2 , 1 , 0 , 0 , 0 , 2 , 2 , 2 , 2 , NA , 1 , 2 , 3 , 2 , NA , 1 , 2 , 1 , 2 , 1 , 2 , 2 , 2 , 1 , 1 , 1 , 1 , NA , 2 , 1 , 1 , NA , 1 , 1 , 2 , 2 , 2 , 1 , 2 , 3 , 0 , 0 , 2 , 2 , 2 , 2 , 1 , 1 , 2 , 0 , 2 , 2 , 1 , 2 , 1 , 2 , 1 , 2 , 0 , NA , 1 , 2 , 1 , 1 , 2 , 0 , 2 , 1 , 2 , 1 , 1 , 2 , 1 , 2 , 2 , 2 , 1 , 2 , 1 , 3 , 2 , 1 , 2 , NA , 2 , 0 , 3
A_0062 , A , 33.13 , 1 , 0 , 0 , 0 , 1 , 1 , 0 , 1 , 1 , 1 , 0 , 0 , 0 , 0 , 1 , 1 , 1 , 0 , 0 , NA , NA , 0 , NA , 0 , 1 , 0 , 1 , 1 , 1 , 0 , 0 , 0 , 1 , 1 , 0 , 0 , 1 , 0 , 0 , 1 , 0 , 0 , 1 , 0 , 1 , 0 , 0 , 0 , 0 , 0 , 1 , 0 , 0 , 1 , 1 , 0 , NA , 1 , 0 , 1 , 0 , 1 , 0 , 1 , 0 , 1 , 1 , 0 , 1 , 1 , 0 , 0 , 1 , 0 , 0 , 0 , 1 , 0 , 1 , 0 , 0 , 0 , 0 , 1 , 0 , 0 , 1 , 1 , 0 , 2 , 0 , 0 , 0 , 0 , NA , 1 , 0 , 0 , 0 , 1 , 0 , NA
A_0063 , A , 33.13 , 3 , 2 , 1 , 3 , 3 , 2 , 3 , 3 , 2 , 3 , 2 , 2 , 2 , 2 , 2 , 3 , 2 , 2 , 3 , 1 , 3 , 3 , 3 , NA , 2 , 2 , 2 , 3 , 3 , 2 , 2 , 3 , NA , 3 , 2 , 3 , 2 , 4 , 3 , 1 , 2 , 3 , 3 , 2 , 2 , 2 , 2 , 3 , 3 , 4 , 2 , 2 , 1 , 3 , 3 , 1 , 2 , 2 , 2 , 2 , 4 , 1 , 2 , 3 , 1 , 4 , 3 , 2 , 3 , NA , 4 , 3 , 3 , 1 , 4 , 2 , 2 , 2 , 1 , 3 , 1 , 4 , 2 , 2 , 1 , 0 , 3 , 2 , 3 , 4 , 2 , 2 , 4 , 2 , NA , 3 , 2 , 3 , 1 , 3 , 2 , 4
A_0064 , A , 34.11 , 3 , 3 , 3 , 2 , 3 , 3 , 3 , 3 , 4 , 3 , 3 , 3 , 2 , 2 , 3 , 3 , 3 , NA , 2 , 3 , 3 , 3 , 3 , 2 , NA , 4 , 4 , 4 , 3 , 4 , 3 , 3 , 3 , 3 , 3 , 3 , 4 , NA , 2 , 4 , 3 , 2 , 2 , NA , 3 , 3 , 2 , 2 , 2 , 2 , 4 , 4 , 4 , NA , 4 , 3 , NA , 4 , 4 , 4 , 2 , 4 , 3 , 3 , 3 , 2 , 3 , NA , 3 , 2 , 2 , 2 , 3 , 1 , 2 , 3 , 4 , 3 , 4 , 3 , 3 , 2 , NA , 4 , 4 , 3 , 3 , 3 , 3 , 3 , NA , 3 , 2 , 3 , 4 , 3 , NA , 3 , 3 , 3 , 2 , NA
A_0067 , A , 34.11 , 1 , 2 , NA , 1 , 1 , 2 , 1 , 1 , 2 , 1 , 2 , 2 , 2 , 2 , 2 , 1 , 2 , 2 , NA , 3 , 1 , 1 , 1 , 0 , 2 , 2 , 2 , NA , 1 , 2 , NA , 1 , NA , 1 , NA , 1 , NA , 0 , 1 , 3 , 2 , 1 , 1 , NA , 2 , 2 , NA , 1 , 1 , 0 , 2 , 2 , 3 , 0 , 1 , 3 , 2 , 2 , 2 , 2 , NA , 3 , 2 , NA , 3 , 0 , 1 , NA , 1 , 1 , 0 , 1 , 1 , NA , 0 , NA , NA , 2 , 3 , 1 , NA , 0 , 2 , 2 , 3 , 2 , 1 , 2 , 1 , NA , 2 , 2 , 0 , 2 , 1 , NA , 2 , 1 , 3 , 1 , 2 , 0
A_0068 , A , 35.5 , 1 , 1 , NA , 1 , 1 , 0 , 2 , 1 , 2 , 1 , 1 , 1 , 0 , 0 , 0 , 1 , 0 , NA , 1 , 0 , 1 , 2 , NA , 2 , 0 , 1 , 1 , 2 , 1 , 2 , NA , 1 , 1 , 1 , NA , 0 , 1 , 2 , NA , 0 , 1 , 1 , 0 , 2 , 0 , 1 , 0 , NA , 1 , 2 , 1 , 2 , 1 , NA , 2 , 0 , NA , 1 , 2 , NA , 2 , 0 , 1 , 1 , 0 , 1 , 1 , 1 , NA , 0 , 2 , 1 , 1 , 0 , 2 , 1 , 1 , 1 , 0 , 2 , 0 , 2 , 1 , NA , 1 , 1 , 1 , 0 , 2 , 2 , 1 , 1 , 2 , 1 , 2 , 1 , NA , 2 , 0 , 1 , 0 , 2
A_0069 , A , 36.21 , 1 , 1 , 1 , 2 , 1 , 1 , 1 , 1 , 0 , 1 , 1 , NA , 2 , 2 , 1 , 1 , 1 , 2 , 2 , 1 , 1 , NA , 1 , 2 , 1 , 0 , NA , NA , 1 , 0 , 1 , 1 , 0 , 1 , 1 , 1 , 0 , 2 , 2 , 0 , 1 , 2 , 1 , 0 , 1 , 1 , 2 , 2 , NA , 2 , 0 , 0 , 0 , 2 , 0 , 1 , 2 , 0 , 0 , 0 , 2 , 0 , 1 , 1 , 1 , 2 , 1 , 1 , 1 , 2 , 2 , 2 , 1 , NA , 2 , 1 , 0 , 1 , 0 , 1 , 1 , NA , 1 , 0 , 0 , 1 , 1 , 1 , 1 , 1 , 0 , 0 , NA , 1 , NA , 1 , 1 , 1 , 1 , 1 , 2 , 1
A_0070 , A , 36.21 , 1 , 1 , 0 , 1 , 1 , 0 , 2 , 1 , 1 , 1 , 2 , 1 , 0 , 0 , 0 , 1 , 0 , 0 , 1 , 0 , NA , 2 , 1 , 2 , 0 , 1 , 1 , 2 , 1 , 2 , 1 , 1 , 1 , 1 , 1 , 2 , NA , 2 , 1 , 0 , 1 , NA , NA , 2 , 0 , 1 , 0 , 1 , 1 , 2 , 1 , 2 , 1 , 1 , 2 , 0 , 0 , 1 , 2 , 1 , 2 , NA , 1 , 1 , 0 , 1 , 1 , NA , 1 , 0 , 2 , 1 , 1 , 0 , 2 , 1 , 1 , 1 , 0 , 2 , 0 , 2 , 1 , 1 , 1 , 1 , 1 , 0 , 2 , 2 , 2 , NA , 2 , NA , 2 , 1 , 1 , 2 , 0 , 1 , 0 , 2
A_0071 , A , 36.21 , 3 , 4 , 4 , 4 , 4 , NA , 4 , 3 , 3 , 3 , NA , 4 , 4 , 4 , 3 , 3 , 3 , 4 , 4 , 4 , NA , 4 , 3 , 4 , 3 , 3 , 3 , NA , 3 , 3 , 4 , 4 , NA , 3 , 4 , 4 , 3 , 4 , 4 , 3 , 4 , 4 , 3 , 4 , 3 , 4 , 4 , 4 , 4 , 4 , 3 , 4 , 4 , 3 , 2 , 4 , 3 , NA , NA , 3 , 4 , 3 , 4 , 3 , 4 , 3 , 3 , NA , 3 , 3 , 4 , 4 , 3 , 4 , NA , NA , NA , 4 , 3 , 4 , 4 , 4 , 4 , 3 , 4 , 4 , 3 , 3 , 4 , 3 , 4 , 3 , 4 , 4 , 3 , 3 , 4 , 4 , 4 , 3 , 4 , 3
A_0072 , A , 36.21 , 3 , 3 , 4 , NA , 3 , NA , 2 , 3 , 3 , 3 , 2 , 3 , 4 , 4 , 4 , 3 , 4 , 4 , 3 , 4 , 3 , 2 , 3 , 2 , NA , 3 , 3 , 2 , 3 , 2 , 3 , 3 , 3 , 3 , 3 , 2 , 3 , 2 , 3 , 4 , 3 , 3 , 4 , 2 , 4 , 3 , 4 , NA , 3 , NA , 3 , 2 , 3 , 3 , NA , 4 , 4 , 3 , 2 , 3 , 2 , 4 , NA , 3 , 4 , 3 , 3 , 3 , 3 , 4 , 2 , 3 , NA , 4 , 2 , 3 , 3 , 3 , 4 , 2 , 4 , NA , 3 , 3 , 3 , 3 , 3 , 4 , 2 , 2 , 2 , 3 , 2 , 3 , NA , 3 , 3 , 2 , 4 , 3 , 4 , 2
A_0073 , A , 36.21 , 1 , 1 , 0 , 1 , 1 , 0 , 2 , 1 , 1 , 1 , 2 , 1 , 0 , 0 , 0 , 1 , 0 , NA , 1 , 0 , 1 , NA , 1 , 2 , 0 , 1 , 1 , 2 , 1 , 2 , NA , 1 , 1 , 1 , 1 , 2 , NA , 2 , 1 , 0 , 1 , 1 , 0 , 2 , 0 , 1 , 0 , 3 , 1 , 2 , NA , 2 , 1 , 1 , 2 , 0 , NA , 1 , 2 , 1 , 2 , 0 , NA , NA , 0 , 1 , 1 , 1 , 1 , 0 , 2 , 1 , 1 , 0 , 2 , 1 , 1 , 1 , 0 , 2 , NA , 2 , 1 , 1 , 1 , 1 , 1 , 0 , 2 , 2 , 2 , 1 , NA , 1 , 2 , 1 , 1 , 2 , NA , 1 , 0 , 2
A_0074 , A , 36.21 , 3 , 2 , 1 , 3 , 2 , 2 , 3 , 3 , NA , 3 , 3 , 2 , 2 , 2 , 2 , 3 , 2 , 2 , 3 , 1 , 3 , 3 , NA , 4 , 2 , 2 , 2 , 3 , 3 , 3 , 2 , 2 , 2 , 3 , 2 , 3 , 2 , 4 , 3 , 1 , 2 , 3 , 2 , 2 , 2 , 2 , NA , 3 , 3 , 4 , 2 , 2 , 1 , 4 , NA , NA , 2 , 2 , 2 , 2 , 4 , 1 , 2 , 3 , 1 , 4 , 3 , 2 , 3 , 3 , 4 , 3 , 3 , 1 , 4 , 2 , 2 , 2 , 1 , 3 , 1 , NA , 2 , 2 , 1 , 2 , 3 , 2 , NA , 4 , 2 , 2 , NA , 2 , 3 , 3 , 2 , 3 , 1 , 3 , NA , 4
A_0075 , A , 37.65 , 3 , 3 , NA , 3 , 3 , 4 , 2 , 3 , NA , 3 , 2 , 3 , 4 , 4 , 4 , 3 , 4 , 4 , 3 , 4 , NA , 2 , 3 , 2 , 4 , 3 , NA , 2 , 3 , 2 , 3 , 3 , 3 , 3 , 3 , NA , 3 , 2 , 3 , NA , 3 , 3 , 4 , 2 , 4 , 3 , 4 , 3 , 3 , 2 , 3 , 2 , 3 , 3 , 2 , 4 , 4 , 3 , 3 , 3 , 3 , 4 , 3 , NA , 4 , 3 , 3 , 3 , 3 , 4 , 2 , 3 , 3 , 4 , NA , 3 , NA , 3 , NA , 2 , NA , 3 , 3 , 3 , 3 , 3 , 3 , 4 , 2 , 2 , 2 , 3 , 2 , 3 , 2 , 3 , 3 , 2 , 4 , 3 , 4 , 2
A_0076 , A , 38.75 , 2 , 1 , 2 , 2 , 1 , NA , 1 , 2 , 2 , 2 , 1 , 1 , 2 , 2 , NA , 2 , NA , 2 , 2 , 1 , 2 , 1 , 2 , 2 , 2 , 1 , 1 , 1 , 2 , 1 , 1 , 1 , 1 , 2 , 1 , 1 , 1 , 2 , 2 , 1 , 1 , 1 , 2 , 0 , 2 , 1 , 2 , 2 , 2 , 2 , NA , NA , NA , 3 , 1 , NA , NA , 1 , 0 , 1 , 2 , 1 , NA , 2 , 1 , 3 , 2 , 1 , 2 , 3 , 2 , 2 , 2 , 1 , 2 , 1 , 1 , NA , 1 , 1 , 1 , 2 , 1 , 1 , 0 , 1 , 2 , 2 , 1 , 2 , NA , 1 , 2 , 1 , 1 , NA , 1 , 1 , 1 , 2 , 2 , NA
A_0077 , A , 39.7 , 1 , 1 , 0 , 1 , 1 , 0 , 2 , 1 , 1 , 1 , 2 , 1 , 0 , 0 , 0 , 1 , 0 , 0 , 1 , 0 , 1 , 2 , 1 , 2 , 0 , 1 , 1 , 2 , NA , 2 , 1 , 1 , 3 , 1 , 1 , NA , 1 , 2 , 1 , 0 , 1 , 1 , 0 , 2 , 0 , 1 , 0 , 1 , 1 , 2 , 1 , 2 , 1 , 1 , 2 , 0 , 0 , 1 , NA , 1 , 1 , 0 , NA , 1 , 0 , 1 , NA , 1 , 1 , 0 , 2 , 1 , 1 , NA , 2 , 1 , 1 , 1 , 0 , 1 , 0 , 2 , 1 , 1 , NA , NA , 1 , NA , 2 , 2 , NA , 0 , 2 , 1 , 2 , 1 , 1 , 2 , 0 , 1 , NA , 2
A_0078 , A , 40.78 , 2 , 2 , 2 , 2 , 1 , NA , NA , 2 , 2 , 2 , 2 , 2 , 1 , 1 , 2 , 3 , 2 , 1 , 4 , NA , 2 , 2 , 3 , 2 , 2 , 2 , NA , 4 , 3 , 4 , 1 , 1 , 3 , 2 , 1 , 3 , 3 , 2 , 2 , 2 , 2 , 2 , 1 , 3 , 2 , 2 , 1 , 1 , 1 , 2 , NA , 2 , 2 , 2 , 3 , 1 , 1 , 2 , 3 , 3 , 1 , 2 , 2 , 2 , 0 , 2 , 2 , 2 , 2 , 1 , 2 , 1 , 2 , 1 , 2 , 1 , 3 , 1 , 1 , 1 , 1 , 1 , 1 , 2 , 2 , 3 , 2 , 1 , 2 , 3 , 2 , 2 , 2 , 1 , 4 , 2 , 1 , NA , 1 , 3 , 0 , 3
A_0080 , A , 44.28 , 2 , 2 , 2 , 2 , 1 , 2 , 3 , 2 , 2 , 2 , 2 , 2 , 1 , 1 , 2 , 3 , 2 , 1 , 1 , NA , 3 , 2 , NA , 2 , 2 , 2 , 3 , 4 , 3 , 4 , 1 , 1 , 3 , 2 , 1 , 3 , 3 , 1 , 2 , 2 , 2 , 2 , 1 , 3 , 2 , 2 , 1 , 1 , 1 , 2 , 3 , 2 , 2 , 2 , 3 , 1 , 1 , 2 , 3 , 3 , 1 , 2 , 2 , 2 , 0 , 2 , 2 , NA , NA , 1 , 2 , 1 , 2 , 1 , NA , 1 , 3 , 1 , 1 , 1 , 1 , 2 , 1 , 2 , NA , 2 , 2 , 1 , 0 , 3 , 2 , 2 , 2 , 1 , 3 , 2 , 1 , 2 , 4 , NA , 0 , 3
A_0081 , A , 44.28 , 4 , 3 , 3 , 4 , 3 , 3 , 4 , 3 , 3 , 4 , 4 , 3 , 3 , NA , 4 , NA , NA , 4 , 3 , 3 , 3 , NA , 4 , NA , 4 , 3 , 3 , 4 , NA , 4 , NA , 3 , 3 , 3 , NA , 4 , 3 , 4 , 4 , 3 , 4 , 3 , 3 , 4 , 4 , 3 , 4 , 2 , 3 , 4 , 3 , 3 , 3 , 4 , 3 , NA , 3 , 3 , NA , 3 , 4 , 3 , 3 , 3 , 3 , 4 , 3 , 3 , 4 , 3 , 4 , 4 , 4 , 3 , 4 , NA , 3 , 2 , 2 , 3 , 3 , 4 , 3 , 3 , 3 , NA , 4 , NA , 3 , 4 , 3 , 3 , 4 , 3 , 4 , NA , NA , 3 , 3 , NA , 3 , NA
A_0082 , A , 44.28 , 2 , 3 , 3 , 2 , 2 , 3 , 3 , 3 , 3 , 3 , NA , 3 , 2 , 1 , 2 , 3 , 3 , 1 , 2 , 2 , 3 , 2 , 2 , 2 , 2 , 3 , 4 , 4 , 3 , 4 , 2 , 2 , 4 , 3 , 2 , 3 , 4 , 2 , 2 , 3 , NA , 3 , 2 , 3 , NA , 3 , 1 , 2 , NA , 2 , 4 , 3 , 3 , 2 , 4 , 2 , 2 , NA , NA , 4 , 1 , 3 , 3 , NA , 1 , 2 , 3 , 3 , 2 , 4 , 2 , NA , 2 , 2 , 2 , 2 , 4 , 3 , 3 , 2 , 2 , 2 , 2 , 3 , 3 , 2 , 2 , 2 , 3 , 3 , 3 , 3 , 2 , 2 , 3 , 3 , 2 , 3 , 2 , 3 , 1 , NA
A_0085 , A , 44.71 , 2 , 3 , 3 , 2 , 2 , 3 , 3 , 3 , 3 , 3 , 2 , 3 , 2 , 1 , 2 , 3 , 3 , 1 , 2 , 2 , 4 , 2 , 2 , 2 , 2 , 3 , 3 , 4 , 3 , 4 , 2 , 2 , 4 , 3 , 2 , 3 , 4 , 2 , 2 , 3 , 2 , 3 , 2 , 3 , 1 , 3 , 1 , 2 , NA , 2 , 4 , 3 , 3 , 2 , 4 , 2 , 2 , 3 , 3 , NA , 1 , 3 , 3 , 3 , 1 , 2 , 3 , 3 , 2 , 2 , 2 , 1 , 2 , 2 , 2 , NA , 4 , 3 , 3 , 2 , 2 , 2 , 2 , NA , NA , 2 , 2 , 2 , 3 , 3 , 3 , 3 , 2 , 2 , 3 , 3 , 2 , 3 , NA , 3 , 1 , 3
A_0086 , A , 44.73 , 2 , 2 , 2 , 2 , 1 , 2 , 3 , 2 , 2 , 2 , 2 , 2 , 1 , 1 , 2 , 3 , NA , 1 , 1 , 1 , 3 , 2 , 2 , 2 , 2 , 2 , 3 , 4 , 3 , 4 , 1 , 1 , NA , NA , 1 , 3 , 3 , 2 , 2 , 2 , 2 , 2 , 1 , 3 , 2 , 2 , 1 , 1 , 1 , 2 , 3 , 2 , 2 , 2 , 3 , 1 , 1 , 2 , NA , 3 , 1 , 2 , 2 , 2 , NA , 2 , 2 , 2 , NA , 1 , 2 , 1 , 2 , 1 , 2 , 1 , 3 , 1 , 1 , 1 , 1 , 2 , 1 , 2 , 2 , 2 , 2 , 1 , 2 , NA , 2 , 2 , 2 , NA , 3 , 2 , 1 , 2 , NA , 3 , 2 , 3
A_0087 , A , 49.91 , 3 , 3 , 4 , 3 , NA , NA , 2 , 3 , 3 , 3 , 3 , 3 , 3 , 4 , 4 , 3 , 4 , 0 , 4 , 4 , 2 , 2 , 3 , NA , 3 , 3 , 3 , 2 , 3 , 2 , 3 , 3 , 3 , 3 , 3 , 2 , 3 , 2 , 3 , 4 , 3 , 2 , 4 , NA , 4 , 3 , 4 , 3 , 3 , 2 , 3 , 2 , 3 , 3 , 2 , 4 , 4 , 3 , 2 , 3 , NA , 4 , 3 , 3 , 4 , NA , 3 , 3 , 2 , 4 , 2 , 3 , 3 , 4 , 2 , 3 , 3 , NA , 4 , 3 , NA , 2 , 3 , NA , 4 , 3 , 0 , 4 , 2 , 2 , 2 , 3 , 2 , 3 , 3 , 3 , 3 , NA , 4 , 3 , 4 , 2
A_0088 , A , 49.91 , 2 , 0 , 3 , 4 , 3 , 3 , 3 , 3 , 3 , 3 , 4 , 4 , 4 , 3 , 2 , 3 , 3 , 3 , NA , 3 , 3 , 3 , 3 , 3 , 4 , 2 , NA , 3 , NA , 3 , 3 , 3 , 3 , 3 , 4 , 4 , 3 , 4 , 4 , 2 , 3 , 4 , NA , 3 , 2 , 4 , 3 , 4 , NA , 4 , 4 , 3 , NA , 3 , 3 , 3 , 3 , 2 , 3 , 3 , 2 , 2 , 4 , 3 , 2 , 3 , 3 , 4 , 3 , 3 , 4 , 2 , 3 , NA , 4 , 3 , 3 , 4 , NA , 3 , 3 , 4 , 2 , 2 , 2 , 3 , 2 , 2 , 4 , NA , 3 , 2 , 3 , 3 , 2 , 3 , 3 , 4 , 3 , 3 , 3 , 3
A_0089 , A , 49.91 , 3 , 4 , 4 , 4 , NA , 4 , 4 , 4 , 4 , 4 , 4 , NA , 4 , NA , 3 , 4 , 4 , 3 , 3 , 3 , 4 , 3 , NA , NA , 4 , 3 , 4 , 4 , 4 , 4 , 3 , 3 , 4 , 4 , NA , 4 , 4 , 4 , 4 , 3 , 3 , 4 , 3 , 3 , 3 , 4 , 3 , 4 , 4 , 4 , 4 , 3 , 3 , NA , 4 , NA , 3 , 3 , 3 , NA , 3 , NA , 4 , 4 , 2 , 0 , 4 , 4 , 4 , 4 , 4 , 3 , 4 , 3 , NA , 3 , 4 , 4 , 3 , 3 , 4 , 4 , 3 , 3 , 3 , 3 , 3 , 3 , 4 , 4 , 3 , 3 , 4 , 3 , 3 , 4 , 3 , 4 , 3 , 4 , 3 , 4
A_0090 , A , 49.91 , 1 , 1 , 1 , 1 , 1 , NA , 1 , 0 , 3 , 0 , NA , 1 , 1 , 2 , 2 , 1 , 1 , 2 , 1 , 2 , 0 , 1 , 0 , 1 , NA , 1 , 1 , 1 , 4 , 1 , 1 , 1 , 1 , 0 , NA , 1 , 1 , 0 , 0 , 2 , 2 , 0 , 1 , 2 , 2 , 1 , NA , NA , 0 , 0 , 1 , 1 , 2 , NA , 0 , 2 , 2 , 1 , 2 , 1 , 1 , 2 , 1 , 0 , 2 , 0 , 0 , 1 , 0 , 0 , 0 , 1 , 0 , 2 , 0 , 1 , 1 , NA , 1 , 1 , 1 , 0 , 1 , 2 , 2 , 2 , 1 , 1 , NA , 0 , 1 , 1 , 0 , NA , 2 , 0 , 1 , 0 , 2 , 1 , 1 , 0
A_0091 , A , 51.47 , 1 , 1 , 0 , NA , 1 , 0 , 2 , 1 , NA , 1 , 1 , NA , 1 , 0 , 0 , 1 , 0 , 0 , 0 , 0 , 2 , 2 , 1 , 2 , 1 , 1 , 1 , 2 , NA , 2 , 1 , 1 , 1 , 1 , 1 , 2 , 1 , 2 , 1 , 0 , 1 , 2 , 0 , 2 , 0 , 1 , 0 , 1 , 1 , 2 , 1 , 2 , 0 , 1 , 2 , 0 , 0 , 1 , 2 , 1 , 1 , 0 , 1 , NA , 0 , 1 , 1 , 1 , NA , 0 , 2 , 1 , 1 , 0 , 2 , 1 , 1 , 1 , 0 , 1 , 1 , 2 , 1 , 0 , 0 , 1 , 1 , 0 , 2 , 2 , 2 , NA , 2 , 1 , 1 , 1 , 1 , 2 , 0 , 1 , 0 , 2
A_0092 , A , 51.47 , 2 , 2 , NA , 2 , 1 , 2 , 4 , 2 , 2 , 2 , 2 , NA , 2 , 1 , 2 , 3 , 2 , 1 , 0 , 1 , 3 , 2 , 2 , 2 , 2 , 2 , 3 , 4 , 3 , 4 , 1 , 1 , 3 , 2 , 1 , 3 , 3 , 2 , NA , 2 , 1 , 2 , 1 , 3 , 2 , 2 , 1 , 1 , 1 , 2 , 2 , 2 , 2 , 2 , 3 , 1 , 1 , 2 , 3 , 3 , 2 , 2 , 2 , 2 , 0 , NA , 2 , 2 , 3 , 1 , 2 , 1 , 2 , 1 , NA , 1 , 3 , 1 , 1 , 1 , 3 , 2 , 2 , 2 , 2 , 3 , 2 , 1 , NA , 4 , 2 , 2 , 3 , 1 , 2 , 2 , 1 , 2 , 1 , 3 , 0 , 3
A_0093 , A , 51.9 , 1 , 1 , 0 , 1 , 1 , 0 , 2 , 1 , 0 , 1 , 1 , 1 , 1 , 0 , 0 , 1 , 0 , 2 , NA , 0 , 2 , NA , 1 , 2 , 1 , 1 , 1 , NA , 1 , 2 , 1 , 1 , NA , 1 , 1 , 2 , 1 , 2 , 1 , 0 , 1 , 2 , 0 , 2 , 0 , 1 , 0 , 1 , 1 , 2 , 1 , 2 , 0 , 1 , 2 , 0 , 0 , NA , 2 , 1 , 1 , NA , 1 , 1 , 0 , 1 , NA , 1 , NA , 0 , NA , 1 , 1 , NA , 2 , 1 , 1 , 1 , 0 , 1 , 1 , 2 , 1 , 0 , 0 , 1 , 1 , 0 , NA , 2 , 2 , 1 , 2 , NA , 1 , 1 , 4 , 4 , 0 , 1 , 0 , 2
A_0094 , A , 52.39 , 3 , 4 , 3 , 4 , 4 , 3 , 3 , NA , 3 , 3 , 4 , 4 , 4 , 4 , 3 , 3 , 3 , 4 , 4 , 4 , 3 , 4 , 3 , 4 , 4 , NA , 3 , 3 , 3 , 3 , 4 , NA , 3 , 3 , 4 , NA , 3 , 4 , NA , 3 , 4 , 4 , 3 , 4 , 3 , 4 , 4 , 4 , 4 , 4 , 4 , NA , NA , 3 , 3 , 4 , 4 , 3 , 4 , NA , 3 , 3 , 4 , 3 , 4 , 3 , 3 , 4 , NA , 3 , 4 , 4 , 3 , 4 , NA , 4 , 4 , 3 , 3 , 4 , 3 , 4 , 3 , 3 , NA , 3 , NA , 3 , 4 , 3 , 4 , 3 , 3 , NA , NA , 3 , NA , 4 , 4 , 3 , 4 , 3
A_0096 , A , 52.75 , 3 , 2 , 3 , NA , 3 , 3 , 1 , 3 , 3 , 3 , 2 , 2 , 2 , 3 , 3 , 2 , 3 , 3 , 4 , 3 , 2 , 2 , 3 , 2 , 2 , 3 , 2 , 1 , 2 , 1 , 3 , 3 , 2 , 3 , 3 , NA , NA , 2 , 3 , 3 , 3 , 2 , 4 , NA , NA , NA , 3 , NA , 3 , 2 , 2 , 2 , 3 , 3 , NA , 3 , 3 , 3 , 1 , 2 , 3 , 3 , 2 , 3 , 4 , 3 , 3 , 2 , 2 , 4 , 2 , 3 , 3 , 3 , 2 , 3 , 2 , 4 , 4 , 3 , 2 , 2 , 3 , 3 , 3 , 2 , 3 , 4 , NA , 2 , NA , 3 , 2 , 3 , 3 , 3 , NA , 2 , 3 , 2 , 4 , NA
A_0097 , A , 52.75 , 1 , 2 , 1 , 2 , 1 , 1 , 3 , 1 , 1 , 1 , 2 , 2 , 2 , 1 , 1 , 2 , 1 , 1 , 0 , 1 , 2 , 2 , 1 , 2 , NA , 1 , NA , 3 , 2 , 3 , 1 , NA , 2 , 1 , 1 , 3 , NA , 2 , 1 , NA , 1 , 2 , NA , 3 , 1 , 2 , NA , 1 , 1 , 2 , 2 , 2 , 1 , 1 , 2 , 1 , 1 , 1 , 3 , 2 , 1 , 1 , 2 , NA , 0 , 1 , 1 , 2 , 2 , 0 , 2 , 1 , 1 , 1 , 2 , 1 , 2 , 0 , 0 , 1 , NA , NA , 1 , 1 , 1 , 2 , 1 , 0 , NA , 2 , 2 , 1 , 2 , 1 , 1 , 1 , 1 , 2 , 1 , 2 , 0 , 2
A_0098 , A , 52.75 , 1 , 2 , 1 , 2 , 1 , 1 , 3 , 1 , NA , 1 , 2 , 2 , NA , 1 , 1 , 2 , 1 , 1 , 0 , 1 , 2 , 2 , 1 , 2 , 2 , 1 , 2 , 3 , NA , 3 , 1 , 1 , 2 , NA , 1 , 3 , 2 , 2 , 1 , 1 , 1 , 2 , 0 , 3 , 1 , 2 , 1 , 1 , 1 , 2 , 2 , 2 , 1 , NA , NA , 1 , 1 , 1 , 3 , NA , 1 , 1 , 2 , 1 , 0 , 1 , 1 , 2 , 2 , 0 , 2 , NA , 1 , 1 , 2 , 1 , 2 , NA , 0 , 1 , 2 , 2 , 1 , 1 , 1 , NA , NA , 0 , 2 , 2 , 2 , 1 , 2 , 1 , NA , 1 , 1 , 2 , 1 , 2 , NA , 2
A_0100 , A , 55.11 , 3 , 2 , 2 , 2 , 2 , 2 , 4 , NA , NA , NA , 2 , 1 , 2 , 2 , 2 , 3 , NA , 2 , 1 , 2 , 3 , 3 , 2 , 3 , 2 , 3 , 3 , 4 , 2 , 4 , 2 , 2 , 3 , 2 , 1 , 3 , 3 , 2 , 1 , 3 , 2 , 2 , NA , 4 , NA , 2 , NA , 1 , 1 , 2 , 2 , 3 , 3 , 2 , 3 , 2 , 2 , 3 , 2 , 3 , 3 , NA , 2 , 2 , NA , 2 , 2 , 2 , 3 , 1 , 2 , 2 , 2 , 2 , NA , 2 , 2 , 2 , 2 , 2 , NA , 2 , 3 , 3 , 3 , 4 , NA , 2 , 2 , 3 , 3 , 3 , 3 , 2 , 3 , NA , 2 , 2 , 2 , 3 , 1 , 3
A_0101 , A , 55.11 , 2 , 2 , 3 , 2 , 2 , 3 , 1 , 3 , 3 , 3 , 2 , 3 , 2 , 2 , 2 , 2 , 3 , 2 , 3 , 2 , 2 , 1 , 3 , 1 , 2 , NA , 3 , 1 , 2 , 1 , 2 , 2 , 2 , 3 , 3 , 1 , 2 , 2 , 3 , 2 , 3 , NA , 3 , 0 , 2 , 2 , 2 , 3 , 3 , 2 , 2 , 1 , 2 , 3 , 2 , 2 , 2 , 2 , 0 , 2 , 2 , 2 , 2 , 3 , 2 , 3 , 3 , 2 , 2 , 4 , 2 , 2 , 3 , 2 , 2 , 2 , 2 , 3 , 3 , 2 , 2 , NA , 2 , NA , 2 , NA , NA , 3 , 2 , 2 , 1 , NA , 2 , 2 , 2 , 3 , 2 , 2 , 2 , 2 , 3 , 2
A_0103 , A , 56.99 , 3 , 2 , 2 , 2 , 2 , 2 , 4 , NA , 2 , 2 , 2 , 2 , 2 , 2 , 2 , 3 , 2 , 2 , 1 , NA , 3 , 3 , NA , 3 , 2 , 3 , 3 , 4 , 2 , 4 , 2 , 2 , 3 , NA , 1 , 3 , 2 , 2 , 1 , 3 , 2 , 2 , 2 , NA , 3 , 2 , 2 , 1 , 1 , 2 , 2 , 3 , 3 , 2 , 3 , 2 , 2 , 3 , 4 , 3 , 3 , 3 , 2 , NA , 2 , 2 , 2 , 2 , 3 , 1 , 2 , 2 , 2 , 2 , 2 , 1 , 2 , 2 , 1 , 2 , 3 , 2 , 3 , 3 , 3 , 4 , 3 , 2 , 2 , 3 , 3 , 3 , 3 , 2 , 0 , NA , 2 , 2 , 2 , 3 , 1 , NA
A_0104 , A , 57.77 , 3 , 4 , 4 , 4 , 3 , 4 , 4 , 4 , 4 , 4 , 3 , NA , 4 , NA , 3 , NA , 4 , 3 , 3 , 3 , 4 , 3 , 4 , 3 , 4 , 3 , 4 , 4 , 4 , 4 , 3 , 3 , 4 , 4 , 4 , 4 , 4 , 4 , 4 , NA , 4 , 3 , 3 , 3 , 4 , 4 , 3 , 3 , 4 , 4 , 4 , NA , 3 , NA , 4 , 4 , 3 , 3 , 3 , 4 , 3 , 3 , 4 , 4 , 2 , NA , NA , 4 , NA , 4 , 4 , 3 , 4 , 3 , 4 , NA , 4 , 4 , 3 , 3 , 3 , 4 , 3 , 3 , 3 , 4 , 3 , 3 , 4 , 4 , 4 , 3 , 4 , 3 , 3 , 3 , 3 , 4 , 3 , 4 , 4 , 4
A_0105 , A , 57.87 , 1 , 0 , 0 , 0 , 1 , 0 , 0 , 0 , 0 , 4 , 1 , 1 , 0 , 1 , 1 , 0 , 0 , 1 , NA , 1 , 0 , NA , 0 , 1 , 0 , 1 , 0 , NA , 0 , 0 , 1 , NA , 0 , 0 , 0 , 0 , NA , 0 , 0 , 1 , 0 , 1 , 1 , 1 , 0 , 0 , 1 , 1 , 0 , 0 , 0 , 1 , 1 , 0 , 0 , 0 , 1 , 1 , 1 , 0 , 1 , 1 , 0 , 0 , 2 , 0 , 0 , 0 , 0 , 0 , 0 , 1 , 0 , 1 , 0 , 1 , 0 , 0 , 1 , 1 , 1 , 0 , 1 , 1 , 1 , NA , 1 , 1 , NA , 0 , 0 , 1 , 0 , 1 , 1 , NA , 1 , NA , NA , 0 , 0 , 0
A_0107 , A , 59.21 , 4 , 3 , 3 , 4 , 3 , 3 , 4 , 3 , 3 , 3 , 4 , 3 , 3 , 4 , 4 , 4 , NA , 4 , NA , 3 , NA , 4 , 4 , 3 , 4 , 3 , 4 , 4 , 4 , 4 , NA , 4 , 3 , 4 , NA , 4 , 3 , 4 , 3 , 3 , 4 , 3 , NA , 4 , 4 , 4 , 4 , 3 , NA , 4 , 3 , 3 , 3 , 4 , 3 , 3 , 3 , NA , 4 , 3 , 3 , 3 , 3 , 4 , 3 , 4 , 3 , 3 , 4 , 3 , 4 , 4 , 3 , 3 , 4 , 3 , 3 , 3 , 2 , 2 , 4 , 4 , NA , 4 , NA , 4 , NA , 2 , 3 , 4 , 3 , 3 , 4 , 4 , 3 , 3 , 3 , NA , 3 , 4 , 3 , 4
A_0108 , A , 59.21 , 2 , 2 , 2 , 3 , 2 , 2 , 1 , 3 , 2 , 2 , 2 , 3 , 3 , 2 , 2 , 2 , 2 , 2 , 3 , 2 , 2 , 2 , 2 , 1 , NA , 1 , 2 , NA , 3 , NA , NA , 2 , 2 , 2 , NA , 2 , 3 , 3 , 4 , 1 , 2 , 2 , 2 , 1 , NA , 2 , 2 , 3 , 4 , 3 , 3 , 2 , 1 , 2 , 2 , 3 , 2 , 1 , 1 , 2 , 1 , 2 , 3 , 2 , 2 , 2 , 3 , 3 , 2 , NA , 3 , 2 , 3 , 2 , 3 , 3 , NA , 2 , 3 , 3 , 1 , 3 , 1 , NA , 1 , 0 , 1 , 2 , 3 , 2 , 3 , 1 , NA , 2 , 1 , 2 , 2 , 4 , 2 , 2 , 4 , 2
A_0109 , A , 59.21 , 3 , 3 , NA , 2 , 3 , 3 , NA , 3 , 3 , 3 , 2 , 3 , 3 , 2 , 2 , 3 , 4 , NA , 2 , 3 , 4 , 3 , 2 , 4 , 2 , 4 , 3 , 4 , 2 , 4 , 3 , 2 , 4 , NA , 2 , 3 , NA , 2 , NA , 4 , 2 , 3 , NA , 4 , 2 , 3 , 2 , 2 , 2 , 2 , 3 , 4 , 4 , 2 , 4 , NA , 3 , 4 , 4 , 4 , 4 , 3 , 3 , NA , 3 , 2 , 3 , 3 , NA , 2 , 2 , 2 , 3 , 3 , 2 , 3 , 3 , 3 , 3 , NA , 3 , NA , 4 , NA , 4 , 4 , 3 , 4 , 3 , 3 , 3 , NA , 3 , 2 , 4 , 3 , 3 , 3 , 3 , NA , 2 , 2
A_0110 , A , 59.25 , 1 , 2 , 2 , 3 , 1 , 2 , NA , NA , NA , 1 , 3 , 1 , 2 , 3 , NA , 2 , 1 , 3 , 2 , 2 , NA , 1 , 2 , 0 , 3 , 0 , 2 , 1 , NA , 1 , NA , 2 , 1 , 1 , 2 , 2 , 2 , 2 , 2 , 1 , 2 , 1 , 1 , 1 , 3 , 2 , 3 , 2 , 2 , 2 , 2 , 0 , 1 , 2 , 0 , 2 , 2 , 1 , 1 , 1 , 0 , 2 , 2 , 2 , NA , 2 , 1 , 2 , 1 , 2 , 2 , NA , NA , 2 , 2 , 1 , 3 , 1 , 1 , 1 , 2 , NA , 0 , 2 , 1 , 1 , 1 , 0 , 1 , 1 , 1 , 0 , 1 , 2 , 0 , 1 , 1 , 1 , 2 , 2 , 2 , NA
A_0111 , A , 59.85 , 3 , 3 , 3 , 2 , 3 , 4 , 4 , 3 , 3 , 3 , 2 , 3 , 3 , 2 , 2 , 3 , NA , 2 , 2 , 3 , NA , 3 , 2 , 4 , 2 , NA , 3 , NA , 2 , 4 , 3 , NA , 4 , 3 , 2 , 3 , 3 , 2 , 2 , 4 , 2 , 3 , 3 , 4 , 2 , 3 , 2 , 2 , 2 , 2 , 3 , 4 , 4 , NA , 4 , 3 , 3 , 4 , 4 , 4 , 4 , NA , 3 , 2 , 3 , 2 , NA , 3 , NA , 2 , 2 , 2 , 3 , 3 , 2 , NA , NA , 3 , 3 , 3 , 0 , NA , 4 , 3 , 4 , 4 , 3 , 4 , 3 , 3 , NA , 4 , 3 , 2 , 4 , 3 , 3 , 3 , 3 , 3 , 2 , 2
A_0112 , A , 60.09 , 0 , 1 , 1 , 1 , 0 , 1 , 1 , 0 , 1 , 0 , 1 , 0 , 1 , NA , 1 , 1 , NA , 1 , 0 , 1 , 0 , 0 , 0 , 0 , 1 , 0 , NA , 1 , 1 , 1 , 0 , 0 , 1 , 0 , 0 , 1 , NA , 0 , 0 , 1 , 0 , 0 , 0 , 1 , 1 , 1 , 1 , 0 , 1 , 0 , NA , 0 , 1 , 0 , 0 , 1 , 1 , 1 , 1 , 0 , 0 , 1 , 1 , 0 , 0 , 0 , 0 , 1 , 0 , 0 , 0 , 0 , 0 , NA , NA , 0 , 1 , 0 , 0 , NA , 1 , 0 , 0 , 1 , 1 , 1 , NA , 0 , 0 , 0 , 0 , 0 , 0 , 0 , 0 , 0 , 0 , 0 , 1 , 1 , 0 , NA
A_0113 , A , 60.62 , 2 , 2 , 2 , 2 , 2 , NA , NA , 2 , 2 , 3 , 1 , 2 , 1 , 2 , NA , 2 , 1 , 2 , 2 , 1 , 2 , 2 , 4 , 2 , 2 , 2 , 2 , 2 , 2 , 2 , NA , NA , 1 , 3 , 2 , 2 , 1 , 3 , 2 , NA , 4 , 2 , 2 , 1 , 2 , 2 , 2 , 2 , 2 , 3 , 1 , 1 , 1 , 4 , NA , 1 , 2 , 1 , 1 , NA , 2 , 1 , 1 , 1 , 2 , NA , NA , 1 , 3 , 3 , 3 , 3 , 2 , 1 , 3 , 1 , 1 , NA , 1 , NA , NA , 3 , 2 , 2 , 1 , 2 , 3 , 1 , NA , 3 , 2 , NA , 3 , 3 , 2 , 2 , NA , 1 , NA , 2 , 2 , 4
A_0114 , A , 60.97 , 3 , 3 , 3 , 3 , 3 , 3 , 2 , 4 , NA , 4 , 2 , 3 , 3 , 2 , 2 , 3 , 3 , 3 , NA , 2 , 4 , 3 , NA , 3 , 3 , 3 , 3 , 3 , 3 , 3 , 3 , 3 , 3 , 4 , 4 , 3 , 3 , 4 , NA , 2 , 4 , 3 , 3 , 2 , 3 , 3 , 2 , 3 , NA , 4 , 3 , NA , 2 , 4 , 4 , 3 , 2 , 2 , 2 , 4 , 3 , 2 , 3 , 4 , 3 , 4 , 4 , 3 , 4 , 4 , 4 , 3 , 4 , 2 , 4 , 3 , 3 , 4 , NA , 3 , NA , 4 , 3 , 2 , 2 , 2 , 2 , 3 , 4 , 4 , 4 , 3 , 4 , 3 , 3 , 3 , 4 , 4 , 2 , 3 , 4 , 4
A_0117 , A , 62.51 , 3 , 2 , 2 , 2 , 2 , 3 , 0 , 2 , 2 , 2 , NA , 3 , 3 , 2 , 2 , 3 , 3 , 2 , 1 , 2 , 3 , 3 , 2 , 3 , 2 , 3 , 3 , 4 , 2 , 4 , NA , NA , 2 , 3 , NA , 3 , 2 , 2 , 1 , 3 , 2 , 2 , 3 , 4 , 2 , 3 , 2 , 1 , 2 , NA , 2 , 3 , 3 , 2 , 3 , 2 , 1 , 3 , 4 , 3 , 3 , 2 , 2 , 2 , 1 , 2 , 2 , 2 , 3 , 1 , 2 , NA , 2 , 2 , 2 , 2 , 2 , 2 , 1 , 2 , 3 , 2 , 3 , 3 , 3 , 4 , 3 , 2 , 2 , 0 , 2 , NA , 3 , 2 , NA , 2 , 2 , NA , 3 , NA , 1 , 2
A_0118 , A , 62.65 , 1 , 2 , 2 , 2 , 2 , NA , 0 , 2 , 2 , 2 , 2 , 1 , 1 , 2 , 2 , 1 , NA , 2 , 3 , 2 , 1 , 1 , 2 , NA , NA , 1 , NA , 0 , 2 , 0 , 2 , 2 , 2 , 1 , 3 , 1 , NA , 2 , 3 , NA , 0 , 2 , NA , NA , 2 , 1 , 2 , 3 , 2 , NA , 2 , 1 , 1 , 2 , 1 , 2 , NA , 1 , 0 , 1 , NA , 2 , 2 , 2 , 3 , 2 , 2 , 2 , 1 , 3 , 2 , 2 , NA , 2 , 2 , 0 , 2 , 2 , 3 , 2 , 1 , NA , 1 , 1 , 1 , 0 , 1 , 2 , 2 , 1 , 2 , 3 , 1 , 2 , NA , 2 , 2 , 2 , 1 , NA , 3 , 2
A_0119 , A , 62.91 , 1 , 2 , 2 , NA , 2 , 1 , 0 , 2 , 2 , 2 , 2 , 1 , 1 , 2 , 2 , 1 , 1 , NA , 3 , 2 , 1 , 1 , 2 , 1 , 2 , 1 , 1 , 0 , 2 , 0 , 2 , NA , 2 , NA , 3 , 1 , 2 , 2 , 3 , 1 , 2 , NA , 2 , 0 , 2 , 1 , 2 , 3 , 3 , 2 , 2 , 1 , 1 , 2 , 1 , 2 , 2 , 1 , 0 , 1 , 1 , 2 , 2 , NA , 3 , 2 , 2 , 2 , NA , NA , 2 , 2 , 2 , 1 , 2 , 2 , 2 , 2 , 3 , 2 , 1 , 2 , 1 , 1 , 1 , 0 , 1 , 2 , 2 , NA , 2 , 1 , 1 , 2 , 1 , NA , 2 , 2 , 1 , 1 , 3 , 2
A_0120 , A , 63.91 , 4 , 3 , 2 , 3 , 4 , 3 , 3 , 4 , 3 , NA , 3 , 4 , 3 , 3 , 3 , NA , 3 , 3 , 4 , 3 , 4 , 4 , 4 , 4 , 3 , NA , 3 , 3 , 3 , NA , 4 , NA , 3 , 4 , 4 , NA , 3 , NA , 2 , 3 , 4 , 4 , 4 , 3 , 3 , 4 , 3 , 4 , 4 , 4 , 3 , 4 , NA , 4 , 4 , 3 , 3 , NA , 3 , NA , 4 , 3 , 3 , NA , 4 , 4 , 4 , NA , 4 , 4 , 4 , 4 , 4 , 3 , 4 , NA , 3 , 4 , 4 , 4 , NA , 4 , NA , 3 , 3 , 3 , 3 , 4 , 3 , 4 , 4 , 4 , 4 , 4 , 4 , 4 , 4 , NA , 3 , 3 , 4 , 4
A_0122 , A , 63.91 , 3 , 3 , 4 , 3 , 3 , NA , 3 , 3 , 4 , 3 , 4 , 2 , 2 , 4 , 4 , 3 , 3 , 3 , NA , 4 , 2 , 2 , 3 , 3 , 3 , NA , 3 , NA , 3 , 2 , 3 , 3 , 4 , 2 , 3 , 2 , 3 , NA , NA , 4 , 3 , 3 , 4 , 2 , 3 , 2 , NA , 4 , 3 , 2 , 3 , 2 , 1 , 3 , 2 , 3 , NA , 4 , 2 , 2 , 3 , 4 , 4 , 3 , 4 , 3 , NA , 3 , 2 , NA , 2 , 3 , 2 , 4 , 2 , 3 , 3 , NA , 3 , 3 , 3 , 2 , 3 , 4 , 4 , 3 , 4 , NA , NA , 2 , 2 , 3 , 2 , 3 , 3 , 4 , 2 , NA , 4 , 3 , 3 , 3
A_0123 , A , 65.04 , 2 , 1 , 0 , 3 , 2 , 1 , 2 , 1 , 0 , 1 , 1 , 3 , 2 , 1 , 1 , 1 , 1 , 1 , 1 , NA , 2 , 3 , 1 , 2 , 1 , 2 , 1 , 2 , 1 , 2 , 2 , 2 , NA , 2 , 1 , 2 , 1 , 2 , 1 , 1 , 1 , 2 , 1 , 3 , 1 , 2 , NA , 1 , 1 , 2 , 1 , 3 , NA , 1 , 2 , 1 , 1 , 1 , NA , 2 , 2 , 1 , 1 , NA , 1 , 1 , 1 , 1 , 2 , 1 , 2 , 2 , 2 , 1 , 2 , NA , 1 , 2 , 2 , 2 , 2 , 2 , 2 , 1 , 1 , 2 , 1 , 1 , NA , 2 , 2 , NA , 2 , 2 , 2 , NA , 2 , 1 , 1 , 1 , 1 , 1
A_0124 , A , 65.04 , 1 , 1 , 0 , 1 , 1 , 1 , 1 , 1 , 0 , 1 , 0 , 2 , 2 , 0 , 0 , 1 , 1 , 1 , 0 , 0 , 2 , 2 , 1 , 1 , 1 , 1 , NA , 2 , 1 , 2 , 1 , 1 , 0 , 2 , 1 , 2 , 1 , 2 , 1 , 0 , 1 , 1 , 0 , 2 , 1 , NA , 0 , 0 , 1 , 2 , 1 , 2 , 0 , 1 , 2 , 1 , 0 , 0 , 2 , 2 , 1 , 0 , 0 , 1 , 0 , 1 , 1 , 1 , 2 , 0 , 2 , 1 , 2 , 0 , 2 , 1 , 1 , 1 , 1 , 1 , 1 , 2 , 1 , 0 , 0 , 1 , 0 , 0 , 1 , 2 , 2 , 1 , 2 , 1 , 1 , 0 , 2 , 1 , 0 , 1 , 1 , 1
A_0125 , A , 66.27 , 2 , 3 , 4 , 3 , 2 , 3 , 2 , 3 , 4 , 3 , 3 , 1 , 2 , 3 , 3 , 3 , NA , 3 , 3 , NA , 2 , NA , 3 , 2 , 3 , NA , NA , 2 , 3 , 2 , 2 , 2 , 4 , NA , 3 , 2 , 3 , 2 , 3 , 3 , NA , 2 , 3 , 1 , 3 , 2 , 3 , 3 , 3 , 2 , 3 , 1 , NA , NA , 2 , 3 , 3 , 3 , 1 , 2 , 2 , 3 , 3 , 2 , 3 , 3 , 3 , 3 , 2 , 3 , NA , 2 , 2 , 3 , 2 , 2 , 3 , 2 , 2 , 2 , 2 , 2 , 2 , 3 , 3 , 2 , 3 , NA , 3 , 2 , 2 , 2 , NA , 2 , 2 , 3 , 1 , 3 , 3 , 3 , NA , 2
A_0127 , A , 67.24 , 1 , 0 , 1 , 0 , 0 , 1 , 1 , 1 , 1 , NA , 0 , 0 , 0 , 0 , 0 , 1 , 1 , 0 , 0 , NA , 1 , 0 , 1 , 1 , 0 , 1 , 1 , 1 , 0 , 1 , 0 , 0 , 1 , NA , 0 , 0 , 0 , 0 , 0 , 1 , 1 , 0 , 1 , 0 , 0 , 1 , 0 , 0 , 0 , 0 , 0 , 0 , 1 , 1 , 2 , 0 , 0 , 1 , 0 , 1 , NA , 0 , 0 , 0 , 0 , NA , 1 , 0 , 1 , 1 , 0 , 0 , 0 , 1 , 0 , 0 , 0 , NA , 0 , 0 , 0 , 0 , 1 , 1 , 1 , 1 , 1 , 1 , 0 , 1 , 0 , 1 , 1 , 1 , 1 , 1 , 0 , 1 , 1 , 1 , 1 , 1
A_0128 , A , 67.78 , 4 , 1 , 2 , 2 , 3 , NA , 3 , 2 , 2 , 3 , NA , 3 , 3 , NA , 2 , 2 , 2 , 2 , 2 , 2 , NA , 3 , 3 , 3 , 2 , 3 , 2 , 3 , 2 , 3 , 3 , 2 , 2 , 3 , 2 , 3 , NA , 3 , 2 , 2 , 2 , 3 , 2 , NA , 2 , 3 , 2 , 2 , 2 , 3 , NA , 3 , 2 , 3 , 3 , 2 , 2 , 2 , 3 , 3 , 3 , NA , 2 , 3 , 2 , NA , 2 , 2 , 3 , NA , 3 , 3 , NA , 2 , NA , 2 , 2 , 3 , 3 , 2 , 3 , 3 , NA , 2 , 2 , 3 , 2 , 2 , 2 , 3 , 2 , 3 , 3 , 3 , 3 , 2 , 3 , 2 , 2 , 2 , 2 , 3
A_0129 , A , 67.92 , 4 , 0 , 2 , 2 , 3 , 3 , 3 , NA , 3 , NA , 2 , NA , 3 , 2 , 2 , 2 , 2 , 2 , 2 , 2 , NA , 3 , 3 , NA , 2 , 3 , 2 , 3 , 2 , 3 , 3 , 3 , 2 , 3 , 2 , 3 , 2 , 3 , 2 , 2 , 2 , 3 , 2 , 3 , 2 , 3 , 2 , 2 , 2 , 3 , 2 , 3 , 2 , 3 , 3 , 2 , NA , 2 , 3 , 3 , 3 , NA , 2 , 3 , 2 , 3 , 2 , 2 , 3 , 2 , 3 , 0 , 3 , 2 , 3 , 2 , 2 , 3 , 3 , NA , 3 , 3 , 3 , 2 , 2 , 1 , 2 , 2 , 2 , 3 , 2 , 3 , 3 , 3 , 3 , 2 , 3 , 2 , NA , 2 , 2 , 3
A_0130 , A , 68.31 , 2 , 1 , 1 , 2 , 2 , 2 , 1 , 1 , NA , 2 , 1 , 2 , 3 , 1 , 1 , 1 , 1 , 2 , NA , 1 , 2 , 2 , NA , 1 , 2 , 1 , 1 , 2 , 2 , 2 , 2 , 2 , 1 , 2 , 2 , 3 , 2 , 3 , 2 , NA , 1 , 2 , NA , 2 , 2 , 2 , 2 , 1 , 1 , 3 , NA , 2 , NA , 2 , 2 , 2 , 2 , 3 , 2 , NA , 1 , 1 , 1 , 2 , 1 , 2 , 1 , 2 , 2 , 0 , NA , 2 , 3 , 0 , 3 , 1 , 1 , 1 , 2 , NA , 1 , 3 , 1 , 0 , 0 , 1 , 0 , 0 , NA , 2 , 2 , 1 , 1 , 1 , 1 , 0 , 2 , 1 , NA , 1 , 1 , 2
A_0131 , A , 71.23 , 3 , 1 , 1 , 1 , 3 , 3 , 3 , 2 , NA , 2 , 0 , 3 , 2 , 1 , 2 , 2 , 3 , 1 , 1 , 1 , 3 , 2 , 2 , 3 , 1 , 3 , 2 , NA , NA , NA , 2 , 2 , 1 , 3 , 1 , 2 , NA , 2 , 1 , 2 , 1 , 2 , 2 , 3 , 1 , 3 , 1 , 1 , 2 , 2 , 1 , NA , 1 , 2 , NA , 1 , 2 , 2 , 3 , 2 , 3 , 1 , 1 , 1 , 1 , NA , 2 , 1 , 3 , 2 , 2 , 2 , 2 , 2 , 2 , 2 , 2 , 3 , 2 , NA , 3 , 2 , 3 , 2 , 2 , 3 , NA , 2 , 1 , 3 , 1 , NA , 3 , 3 , NA , 2 , NA , 2 , 2 , 2 , NA , 3
A_0132 , A , 71.63 , 0 , 1 , 0 , 0 , 1 , 1 , 1 , 0 , 1 , 1 , 0 , 1 , 1 , 0 , 0 , 0 , 1 , 0 , 0 , 0 , 1 , 0 , NA , 1 , 0 , 1 , 0 , 1 , 0 , 1 , 1 , 1 , NA , 1 , 0 , 1 , 0 , 1 , 0 , 0 , 0 , 1 , 0 , 1 , 0 , NA , 0 , 0 , 0 , 1 , 0 , NA , 0 , 1 , 1 , 0 , 1 , 0 , 1 , 0 , 1 , 0 , 0 , 0 , 0 , 1 , 0 , 0 , 1 , 0 , 0 , 1 , NA , 0 , 1 , 0 , 0 , 1 , 1 , 0 , 1 , NA , 1 , 0 , 0 , 1 , 0 , 0 , 0 , 1 , 0 , NA , 1 , 1 , 1 , 0 , 1 , 0 , 0 , 0 , NA , 1
A_0133 , A , 72.55 , 2 , 4 , 4 , 3 , 2 , 3 , 3 , 3 , 4 , 4 , 3 , NA , 3 , 3 , 3 , NA , 3 , 3 , 4 , 3 , 3 , 2 , NA , 3 , 3 , 3 , 3 , 3 , 3 , 3 , 3 , 3 , 4 , 3 , 3 , 3 , 3 , 3 , 3 , 3 , 4 , 3 , 3 , 2 , 3 , NA , 3 , 3 , 2 , 3 , 3 , 2 , 4 , 4 , 3 , 3 , 3 , 3 , 2 , 3 , 3 , 3 , NA , 3 , 3 , 4 , 3 , 3 , 3 , NA , 3 , 3 , 3 , 3 , 3 , 3 , NA , 3 , 3 , 2 , 3 , 3 , 3 , 3 , 3 , 3 , 3 , 3 , 3 , 3 , 3 , 3 , 3 , 3 , 3 , 3 , 2 , NA , 3 , 3 , 3 , 3
A_0136 , A , 74.49 , 2 , 1 , 0 , 1 , 2 , 2 , NA , 1 , 1 , NA , 1 , 3 , 1 , 1 , 1 , 1 , 2 , 1 , 0 , 1 , 0 , 2 , 2 , 2 , 1 , 2 , 1 , 2 , NA , 2 , 2 , 2 , NA , NA , 1 , 2 , 1 , 2 , 1 , NA , 0 , 2 , 1 , 3 , 1 , 2 , 1 , 1 , 2 , 2 , 1 , 3 , 0 , 1 , 2 , 1 , NA , 1 , 3 , 1 , 2 , 1 , 1 , 1 , 1 , 1 , 1 , 1 , 2 , 1 , 1 , 2 , NA , 1 , 2 , 1 , 1 , 2 , NA , 2 , 2 , NA , 2 , 1 , 0 , 2 , 1 , 1 , 1 , 2 , 1 , 2 , 2 , 2 , 2 , 1 , 3 , 1 , 2 , 1 , 1 , 2
A_0137 , A , 74.49 , 1 , 3 , 3 , 2 , 2 , 2 , 2 , 3 , 2 , 2 , 2 , 1 , 2 , 2 , 3 , 3 , 2 , NA , 3 , 2 , 2 , 2 , 1 , 2 , NA , 2 , 3 , 2 , 2 , 2 , NA , NA , 3 , NA , NA , 1 , 2 , 1 , NA , 3 , 3 , 1 , 3 , 1 , 2 , 2 , 2 , 2 , 1 , 1 , 3 , 1 , 3 , NA , 2 , 2 , 1 , 3 , 1 , 3 , NA , 2 , 2 , 2 , 2 , 2 , 3 , 2 , 2 , NA , 2 , 1 , 1 , 3 , 1 , 3 , 3 , 2 , 1 , 2 , 2 , 1 , 2 , 3 , 3 , 2 , 3 , 3 , 2 , NA , 2 , 4 , 2 , 2 , 2 , 3 , 1 , 3 , 2 , NA , 3 , NA
A_0139 , A , 76.28 , 3 , 3 , 4 , 4 , 3 , 3 , NA , 4 , NA , 3 , 3 , 2 , 4 , 3 , 3 , 4 , 3 , 4 , 4 , 3 , 3 , 3 , 3 , 2 , 4 , 2 , 4 , 3 , NA , 3 , 2 , 2 , 4 , 3 , 4 , NA , 3 , NA , 4 , 3 , 4 , 2 , 3 , 4 , NA , 3 , 4 , 3 , 3 , 3 , 4 , 2 , 4 , 3 , 3 , 4 , 2 , 3 , 2 , 3 , 2 , NA , 3 , 3 , 3 , 3 , 3 , NA , 3 , 3 , 4 , 2 , 3 , 3 , 3 , 3 , 4 , 2 , 2 , NA , 2 , 3 , 2 , 3 , 4 , 2 , 3 , 3 , 4 , 3 , 4 , 3 , 2 , 2 , 2 , 3 , NA , 4 , 2 , 4 , 4 , 2
A_0140 , A , 76.28 , 3 , 4 , 4 , 3 , NA , 4 , 4 , 3 , 4 , 4 , 4 , 3 , 3 , 4 , 4 , 3 , 3 , NA , 4 , 4 , 3 , 3 , 3 , 4 , NA , 4 , 3 , 3 , 3 , 3 , 4 , 4 , 4 , 3 , 3 , NA , 4 , NA , NA , 4 , 4 , NA , 4 , 3 , 3 , 3 , 3 , 4 , 3 , 3 , 3 , 3 , 4 , NA , 3 , 3 , 4 , 4 , 3 , NA , 4 , 4 , 4 , 4 , 4 , 4 , 4 , 3 , 3 , 4 , 3 , NA , 3 , 4 , 3 , 4 , 3 , NA , 4 , 3 , 4 , 3 , 4 , 4 , 4 , 4 , 4 , 4 , 3 , 3 , 3 , NA , 4 , NA , 4 , NA , 3 , 3 , 4 , 3 , NA , 3
A_0141 , A , 76.28 , 3 , 1 , 1 , 2 , 2 , 2 , 2 , 1 , 2 , 2 , 2 , 3 , 2 , 2 , 1 , 1 , NA , 2 , 1 , NA , 2 , 2 , 3 , 2 , 2 , 2 , NA , 2 , 2 , 2 , 3 , 3 , 1 , 2 , 2 , 3 , 2 , 3 , 2 , 1 , 1 , 3 , 1 , 3 , 2 , 2 , 2 , 2 , 2 , 3 , 2 , 3 , 1 , NA , 2 , NA , 3 , 1 , 3 , 2 , 2 , 2 , 2 , 2 , 2 , 2 , 1 , 2 , 2 , 1 , 2 , 3 , 3 , 1 , 3 , 1 , 1 , 2 , 3 , 3 , 2 , 3 , 2 , NA , 1 , 2 , 1 , 1 , 2 , 2 , 2 , 2 , 2 , NA , NA , NA , 3 , 1 , 2 , 1 , 1 , 3
A_0142 , A , 76.29 , 2 , 1 , 0 , 1 , 2 , 1 , 2 , 1 , 1 , 1 , 1 , NA , 1 , 1 , NA , NA , NA , 1 , NA , 1 , 2 , 2 , 2 , 2 , 1 , NA , 1 , 2 , 1 , 2 , 2 , 2 , 0 , 2 , 1 , 2 , 1 , NA , 1 , 1 , 0 , 2 , 1 , 3 , 4 , 2 , 1 , 1 , 2 , 2 , 1 , 3 , 0 , 1 , 2 , 1 , NA , 1 , NA , 2 , 2 , 1 , 1 , 1 , 1 , 1 , 1 , 1 , 2 , 1 , NA , 2 , 2 , 1 , 2 , 1 , 1 , 2 , 2 , 3 , 2 , 2 , 2 , 1 , 0 , NA , 1 , NA , 1 , 1 , 1 , 2 , 2 , 2 , 2 , 1 , 3 , NA , NA , 1 , 1 , NA
A_0143 , A , 76.29 , 1 , 3 , 4 , 3 , 2 , 3 , 2 , 3 , 3 , 3 , 3 , 1 , 3 , 3 , NA , 3 , 2 , 3 , 4 , NA , 2 , 2 , 2 , 2 , 3 , 2 , 3 , 2 , 3 , 2 , 2 , 2 , 4 , 2 , 3 , 2 , 3 , 2 , 3 , 3 , 4 , NA , 3 , 1 , 3 , 2 , 3 , 3 , 2 , 2 , 3 , 1 , 4 , 3 , 2 , 3 , 2 , 3 , 1 , 2 , 2 , 3 , 3 , 3 , 3 , NA , 3 , NA , 2 , 3 , 3 , 2 , 2 , 3 , 2 , NA , 3 , 2 , 2 , 1 , 2 , 2 , 2 , 3 , 4 , 2 , 3 , 3 , 3 , 2 , 3 , 2 , 2 , 2 , NA , 3 , 1 , 3 , 2 , 3 , NA , 1
A_0144 , A , 77.81 , 3 , 4 , 3 , 3 , 4 , 3 , 4 , 4 , 3 , 3 , 3 , 4 , 3 , 3 , 4 , 4 , 4 , 3 , 3 , 3 , 4 , 4 , 3 , 4 , 3 , 4 , NA , 4 , 3 , NA , 3 , 3 , 3 , 4 , 3 , 3 , 3 , 3 , 3 , 4 , 3 , 3 , 4 , 4 , 3 , 4 , 3 , 3 , 4 , NA , 3 , 4 , 3 , 3 , 4 , 3 , 3 , 4 , 4 , 4 , 4 , 3 , 3 , 3 , 3 , 3 , 4 , 3 , NA , 4 , 3 , 3 , 3 , 4 , 3 , NA , 4 , 4 , 3 , 4 , 4 , 3 , 4 , 4 , 3 , 4 , 4 , 4 , 3 , 4 , 3 , 4 , 4 , 4 , 4 , 4 , 4 , 4 , 4 , NA , 4 , 4
A_0145 , A , 77.81 , 1 , 1 , 0 , 0 , 1 , 1 , 2 , 0 , 1 , 1 , 1 , 2 , 0 , 1 , 1 , 0 , 1 , 0 , 0 , 1 , 1 , 2 , 1 , NA , 0 , 2 , NA , 1 , 0 , 1 , NA , 2 , 0 , NA , 0 , 1 , 1 , 1 , 0 , 1 , 0 , 2 , 1 , 2 , 0 , 2 , NA , 1 , 1 , 1 , 0 , 2 , 0 , 1 , 1 , 0 , 2 , 1 , 2 , 1 , NA , 1 , 1 , NA , 1 , NA , 1 , 0 , 1 , NA , 0 , 2 , 1 , 1 , 1 , 1 , NA , 2 , 2 , 1 , 2 , NA , 2 , NA , 0 , 2 , 1 , 1 , NA , 1 , 0 , NA , 2 , 2 , 2 , NA , 1 , 0 , 2 , 0 , 0 , 2
A_0146 , A , 77.81 , 1 , 0 , 1 , 1 , 0 , 1 , 0 , NA , 1 , 1 , 1 , 0 , 1 , 1 , 0 , 0 , 0 , 1 , 1 , 1 , 0 , 0 , 1 , 0 , 1 , 0 , 0 , 0 , NA , 0 , 1 , 1 , 1 , 0 , NA , 1 , 1 , 1 , 1 , 3 , 1 , NA , 0 , NA , 1 , 0 , 4 , 1 , 0 , 1 , 1 , 0 , 1 , 1 , 0 , 1 , 1 , 0 , 0 , 0 , 0 , 1 , 1 , 1 , 1 , 1 , 0 , 1 , 0 , 0 , NA , NA , 1 , 0 , 1 , 0 , 0 , 0 , 1 , 0 , 0 , 1 , 0 , 0 , 1 , 0 , 0 , 0 , 1 , 0 , 1 , NA , 0 , 0 , 0 , 0 , 0 , 0 , 0 , 0 , 0 , 0
A_0150 , A , 78.65 , 3 , 3 , 4 , 4 , 3 , 3 , 2 , 4 , 3 , 3 , 3 , NA , 4 , 3 , NA , 4 , 3 , 4 , NA , 3 , 3 , 2 , 3 , 2 , 4 , 2 , 3 , 3 , NA , 3 , 2 , 2 , 4 , NA , 4 , 3 , NA , 3 , 4 , 3 , 4 , 2 , 3 , 2 , 4 , 2 , 4 , 3 , 3 , 3 , 4 , 2 , 4 , 3 , 3 , 4 , 2 , 3 , 2 , 3 , 2 , 3 , 3 , 3 , 3 , 3 , 3 , 4 , 3 , NA , 4 , 2 , 3 , 4 , 3 , NA , 4 , 2 , 2 , 3 , 2 , 3 , 2 , 3 , NA , 2 , NA , 3 , 4 , 3 , 4 , 3 , 2 , 3 , 2 , 3 , 3 , 4 , NA , 4 , 4 , 2
A_0151 , A , 81.17 , 3 , 3 , NA , 4 , 3 , 3 , 2 , 4 , 3 , 3 , 3 , 2 , 4 , 3 , 3 , 4 , 3 , 4 , 4 , 4 , 3 , 2 , 3 , 2 , 4 , 2 , 4 , 3 , 4 , NA , 2 , 2 , 4 , 3 , 4 , 3 , 3 , NA , 4 , 3 , 4 , NA , 3 , 3 , 4 , 2 , 4 , 3 , 3 , 3 , 4 , 2 , NA , 3 , 3 , 4 , 1 , 3 , 2 , 3 , 2 , 3 , 4 , 3 , 3 , 3 , 3 , 4 , 3 , 3 , 4 , 2 , 3 , 3 , 3 , 3 , 4 , 2 , 2 , 3 , 2 , 3 , 2 , 4 , 4 , 2 , 3 , 3 , 4 , 3 , 4 , 3 , 2 , NA , 2 , 3 , 3 , 4 , 2 , 4 , 4 , 2
A_0153 , A , 81.73 , 3 , 3 , 4 , NA , 3 , 3 , 2 , 4 , 3 , 3 , 1 , 2 , 4 , 3 , 3 , NA , 3 , NA , 4 , 3 , 3 , 2 , 3 , 2 , 4 , 2 , 3 , 3 , NA , 3 , 2 , 2 , 4 , 3 , 4 , 3 , NA , 3 , 4 , 3 , 4 , 2 , 3 , 3 , 4 , 2 , 4 , 3 , 3 , 3 , 4 , 2 , NA , 3 , 3 , 4 , 1 , NA , 2 , 3 , 2 , 3 , 4 , 3 , 3 , 3 , 3 , 4 , 3 , 3 , 4 , 2 , 3 , 3 , 3 , 3 , 4 , 2 , 2 , 3 , NA , 3 , 2 , 3 , 4 , 2 , NA , 3 , 4 , NA , 4 , 3 , 2 , NA , 2 , 3 , NA , 2 , 2 , 4 , 4 , NA
A_0155 , A , 83.26 , 1 , 1 , 4 , 0 , 1 , 1 , 2 , 0 , 1 , 1 , 1 , NA , 0 , 1 , 1 , 0 , 1 , 0 , 0 , 1 , 1 , 2 , 1 , 2 , 0 , 2 , 1 , 1 , 0 , 1 , 2 , 2 , 0 , 1 , 0 , 1 , 1 , 1 , 0 , 1 , 0 , 2 , 1 , 1 , 0 , 2 , 0 , 1 , 1 , 1 , 0 , 1 , 0 , 1 , 1 , NA , 3 , 1 , 2 , 1 , 2 , 1 , 0 , 1 , 1 , 1 , 1 , 0 , 1 , 1 , NA , 2 , 1 , 1 , 1 , 1 , NA , 2 , 2 , 1 , 2 , 1 , NA , 1 , 0 , 2 , 1 , 1 , 0 , 1 , 0 , 1 , 2 , 2 , 2 , 1 , 1 , 0 , 2 , 0 , NA , 2
A_0156 , A , 84.04 , 3 , 1 , NA , 2 , NA , NA , NA , 1 , 3 , NA , 2 , 3 , 2 , 2 , 1 , 1 , 2 , 2 , NA , 2 , 2 , 3 , 3 , 2 , NA , 2 , 1 , 2 , 2 , 2 , 3 , 2 , NA , 1 , 2 , 3 , 2 , 3 , 2 , 1 , NA , 3 , 1 , NA , 2 , 2 , 2 , 1 , 3 , 3 , 2 , 3 , 1 , NA , 2 , 1 , 3 , NA , NA , 2 , 2 , 2 , 2 , 2 , 2 , 2 , 1 , 2 , NA , 1 , 2 , 3 , 3 , 1 , 2 , NA , 1 , 3 , 3 , 2 , 2 , 3 , 3 , 1 , 1 , 2 , 1 , 1 , 2 , 2 , 2 , 2 , NA , 2 , NA , 1 , 2 , 1 , NA , 1 , NA , NA
A_0159 , A , 84.89 , 4 , 2 , 3 , 3 , 3 , 4 , 4 , NA , 3 , 3 , 3 , NA , 3 , 3 , 3 , 3 , 4 , 3 , 2 , 3 , 3 , 3 , 4 , 3 , 3 , 4 , 3 , NA , 3 , 4 , 3 , 3 , 3 , 3 , 2 , 4 , NA , 3 , 2 , 3 , 3 , 3 , 2 , 4 , 3 , 3 , 3 , 2 , 1 , 3 , NA , 3 , 3 , 3 , 3 , 3 , 3 , 3 , 4 , 3 , 3 , 4 , NA , 3 , NA , NA , 2 , 3 , 3 , 2 , NA , 3 , NA , 3 , 3 , 2 , 3 , 3 , 3 , 2 , 0 , 3 , 3 , 3 , 3 , 4 , 3 , 3 , 3 , 3 , 3 , NA , NA , 3 , 3 , 2 , 3 , 2 , NA , 3 , 2 , 3
A_0160 , A , 84.89 , 1 , 2 , 1 , 2 , 2 , 0 , 0 , 3 , 2 , 1 , 1 , NA , 2 , 1 , NA , 2 , 1 , 2 , 3 , 2 , 2 , 2 , 1 , 1 , 2 , 0 , 1 , 1 , 2 , 1 , 1 , 1 , 1 , 1 , 3 , 1 , 1 , NA , 3 , 1 , 1 , 1 , 2 , 1 , 2 , 1 , 2 , NA , NA , 2 , 2 , 2 , 1 , 1 , 2 , NA , 1 , 1 , 1 , 2 , 1 , 0 , 2 , NA , 2 , 2 , 2 , 2 , 2 , 2 , 2 , 1 , 2 , 1 , 2 , 2 , 2 , 2 , 1 , 3 , 1 , 2 , 1 , 1 , 1 , 0 , 1 , 1 , 2 , 2 , 1 , NA , 1 , 1 , 1 , 2 , 2 , 3 , 0 , 2 , 3 , 2
A_0163 , A , 88.18 , 1 , 2 , 1 , 2 , NA , 0 , NA , NA , 2 , 1 , 1 , 2 , 1 , 1 , 1 , 0 , 1 , 2 , 2 , 0 , 2 , NA , 0 , 1 , NA , 0 , 1 , 0 , 2 , 1 , NA , NA , 1 , 2 , 3 , 1 , 1 , 2 , 3 , 1 , 1 , 1 , 2 , 1 , NA , 1 , 2 , 2 , 2 , 2 , 2 , 2 , 1 , 1 , 2 , 2 , 1 , 1 , 0 , 2 , 1 , 0 , 2 , 1 , 2 , NA , 2 , 2 , 2 , 2 , 1 , 1 , 2 , 0 , 2 , 2 , NA , 2 , 1 , 3 , 1 , 2 , NA , 1 , 1 , 0 , 1 , NA , 2 , NA , 1 , 2 , 1 , 1 , 1 , 2 , 2 , 3 , 0 , 2 , 3 , 2
A_0165 , A , 88.63 , 1 , 2 , 1 , 2 , 2 , NA , 0 , NA , 2 , 1 , 1 , 2 , 1 , 2 , NA , 2 , 1 , NA , 2 , 2 , 2 , 2 , 0 , 1 , 2 , 0 , 1 , 0 , NA , 1 , 2 , 1 , 1 , 2 , 3 , NA , 1 , 2 , 3 , NA , 1 , 1 , 2 , 1 , 2 , 1 , 2 , 2 , NA , 2 , 2 , 2 , NA , NA , 2 , 2 , 1 , 1 , 1 , 2 , 1 , NA , 2 , 1 , 2 , 2 , 2 , 2 , NA , 2 , 1 , 1 , 2 , 0 , NA , 2 , 2 , 2 , 1 , 3 , 1 , 2 , 1 , NA , 1 , 0 , 1 , 1 , 2 , 2 , 1 , 2 , 1 , 1 , 1 , 2 , 2 , NA , 0 , 2 , 3 , 2
A_0167 , A , 89.11 , 1 , 2 , 1 , 2 , 2 , 0 , 0 , 3 , 2 , 1 , 1 , 2 , 1 , 2 , 1 , NA , 1 , 2 , 2 , NA , 2 , 2 , 0 , NA , 2 , 0 , 1 , 0 , 2 , 1 , 1 , 1 , 1 , 2 , 3 , 1 , 1 , 2 , 3 , NA , NA , 1 , 2 , 1 , 2 , NA , 2 , 2 , 2 , 2 , NA , 2 , 1 , 1 , 2 , 2 , 1 , 1 , NA , 2 , 1 , 0 , NA , 1 , 2 , 2 , 2 , 2 , 2 , 2 , 1 , 1 , 2 , 0 , 2 , 2 , 2 , 2 , 1 , 3 , 1 , 2 , 1 , 1 , 1 , 0 , 1 , 1 , 2 , 2 , 1 , 2 , 1 , 1 , NA , 2 , NA , 3 , 0 , 2 , 3 , 2
A_0168 , A , 89.27 , 1 , 1 , 1 , 2 , 2 , 0 , 0 , 2 , 2 , 1 , 1 , 1 , 1 , 1 , 0 , 1 , 1 , 1 , 1 , 2 , 2 , 1 , 0 , NA , 1 , 0 , 0 , 0 , 2 , 1 , 1 , 0 , 1 , 1 , 2 , 1 , 1 , 1 , 2 , 1 , 1 , 1 , 1 , 1 , 1 , 0 , 1 , 1 , NA , 1 , 2 , 2 , 1 , 0 , 2 , 2 , 0 , NA , 1 , 1 , 1 , 0 , 2 , 0 , 1 , 1 , 1 , 1 , 1 , 1 , 1 , 0 , 2 , 0 , 1 , 1 , 2 , 2 , 1 , 2 , 0 , 1 , 1 , 0 , 1 , 0 , 1 , 1 , NA , 1 , 1 , 2 , 0 , 0 , NA , 1 , 2 , 2 , 0 , 1 , 2 , 2
A_0170 , A , 91.26 , 2 , 3 , 3 , 4 , 2 , 2 , 1 , 3 , 3 , 2 , 2 , 2 , 3 , 4 , 2 , 2 , 2 , 4 , 3 , 4 , 3 , 2 , 3 , 2 , 4 , 1 , NA , 1 , 4 , 2 , 2 , 1 , 3 , 2 , 4 , 3 , 3 , 3 , 4 , 2 , 3 , 2 , 3 , 3 , NA , 1 , 4 , 2 , 2 , 3 , 4 , 2 , 3 , 2 , 3 , 2 , NA , 2 , 2 , 2 , 2 , NA , 4 , 2 , 3 , 3 , 2 , 4 , 2 , 2 , 3 , 2 , NA , 2 , 3 , 2 , 3 , 3 , 2 , 3 , 1 , 3 , 2 , 2 , 3 , NA , 2 , NA , 4 , 2 , 3 , 2 , 1 , 1 , 1 , NA , 3 , 3 , 1 , NA , 3 , 2
A_0171 , A , 91.6 , 2 , 3 , 2 , 2 , 1 , 3 , 3 , 1 , 2 , 2 , 3 , 3 , 3 , 2 , NA , 2 , NA , 3 , 2 , 2 , 1 , 3 , 2 , NA , 3 , NA , 4 , 3 , 2 , 2 , 3 , 3 , 1 , 1 , 2 , 3 , 3 , 3 , 2 , 2 , 2 , 3 , 2 , 3 , 3 , 3 , 3 , NA , 2 , 3 , 2 , 2 , NA , 3 , 2 , 1 , 4 , 3 , 3 , NA , 2 , 4 , 2 , 4 , 3 , 4 , 2 , 2 , 3 , NA , 3 , 4 , 2 , 3 , 3 , 2 , 1 , 2 , 3 , 2 , 3 , 3 , 3 , 3 , 2 , 3 , NA , 2 , 2 , 2 , 2 , 1 , 3 , 3 , 2 , 2 , 2 , 1 , 3 , 2 , 1 , 2
A_0176 , A , 94.08 , 2 , 3 , 4 , 3 , 2 , 3 , 2 , NA , 2 , 3 , 2 , 1 , 3 , 3 , 3 , 2 , 2 , 3 , 3 , 3 , 3 , 1 , 4 , NA , 3 , 2 , 3 , 2 , 3 , 2 , 2 , NA , 3 , 3 , 3 , 2 , 3 , 2 , 3 , 3 , 4 , 2 , 0 , 2 , 3 , 2 , 3 , 3 , 1 , 2 , NA , 1 , 4 , 3 , 2 , 2 , 1 , 3 , 1 , 2 , 3 , NA , 3 , 2 , 3 , 2 , 3 , 2 , 4 , 3 , 3 , 2 , 2 , 3 , 2 , 3 , 2 , NA , 2 , 2 , 2 , 2 , 2 , 3 , 4 , 2 , 3 , 3 , 3 , NA , NA , 2 , 2 , 2 , 2 , 3 , 2 , 3 , 2 , 3 , 3 , 1
A_0177 , A , 94.08 , 2 , 0 , 1 , 1 , 2 , 1 , 1 , 2 , 1 , 1 , NA , 1 , 0 , 1 , 1 , 2 , 2 , 1 , 2 , 1 , 2 , 1 , 1 , 1 , 1 , 1 , 0 , 1 , 1 , 2 , 3 , 1 , 2 , 2 , 1 , NA , 0 , 1 , 1 , 1 , 1 , 0 , 1 , 0 , 1 , 1 , 1 , 1 , 1 , 1 , 1 , 1 , 1 , 1 , 1 , NA , 0 , 1 , 1 , 2 , 1 , 0 , NA , 0 , 0 , 1 , 1 , 1 , 2 , 1 , 0 , NA , NA , 1 , 1 , 1 , 2 , 1 , 0 , 1 , 1 , 1 , 0 , 1 , 1 , 1 , 1 , 1 , 1 , 2 , 1 , NA , 1 , 1 , 1 , 1 , NA , 2 , 1 , 2 , 2 , 1
A_0180 , A , 95.59 , 3 , 3 , 4 , 4 , 3 , 3 , NA , 4 , NA , 3 , 2 , 2 , 3 , 4 , 3 , 3 , 3 , 4 , 4 , 4 , 4 , NA , 4 , 3 , 4 , NA , 3 , 2 , 4 , 3 , 2 , 2 , 4 , 3 , 4 , 3 , 3 , 3 , 4 , 3 , 4 , 2 , 4 , 2 , 4 , 2 , 4 , 3 , 3 , 3 , 4 , 2 , 4 , 3 , 2 , 3 , 1 , 3 , 2 , 3 , 3 , 3 , 4 , NA , 3 , 3 , NA , 3 , 3 , 3 , 3 , 2 , 3 , 3 , NA , 3 , 4 , 3 , 2 , 3 , 2 , NA , 2 , 3 , 4 , 2 , 3 , 3 , 4 , NA , 4 , 3 , 2 , 2 , NA , 3 , 3 , 4 , 2 , 4 , 1 , 2
A_0181 , A , 97.24 , 1 , 2 , 2 , 2 , 0 , 2 , 1 , 1 , 1 , 1 , 1 , NA , 2 , 2 , 2 , NA , 0 , NA , 2 , 2 , 2 , 1 , 2 , 1 , 0 , 1 , 3 , 1 , 3 , 1 , 1 , 1 , 1 , 1 , 2 , 2 , 2 , 1 , 2 , 1 , 2 , 1 , 2 , 2 , NA , 1 , 3 , 1 , NA , 2 , 2 , 0 , 2 , 2 , 1 , 0 , 1 , 1 , 1 , 1 , 1 , 3 , 2 , 2 , 2 , 2 , 1 , 1 , NA , 1 , 2 , 1 , 1 , 2 , 2 , 1 , 1 , 1 , 1 , 2 , 1 , 2 , 1 , 2 , NA , 1 , 1 , 1 , 2 , 1 , 2 , 0 , 1 , 1 , 0 , 1 , NA , 1 , 1 , 2 , NA , 0
A_0183 , A , 97.24 , 2 , 3 , NA , 3 , 2 , 3 , 2 , 3 , 2 , 3 , 2 , 1 , 3 , NA , 3 , 2 , 1 , 3 , 3 , 3 , 3 , 1 , 4 , 2 , 3 , NA , 3 , 2 , 3 , 2 , 2 , 2 , 3 , 3 , 3 , NA , 3 , 2 , NA , 3 , 4 , 2 , 4 , 2 , NA , 2 , 3 , 3 , 2 , 2 , 3 , 1 , NA , 3 , 1 , 2 , 1 , 3 , 1 , 2 , NA , 3 , 3 , 2 , 4 , 2 , 3 , 2 , 2 , NA , 4 , 1 , 2 , 3 , 2 , 3 , 2 , 2 , 2 , 2 , 2 , NA , 2 , 3 , 4 , 2 , 3 , 3 , 3 , 2 , 4 , 2 , 2 , 2 , 2 , 3 , 1 , 3 , 2 , 3 , 3 , 1
A_0184 , A , 97.24 , 3 , 4 , NA , NA , NA , 4 , 4 , 3 , 3 , 4 , 4 , 3 , 4 , 3 , 4 , 3 , 3 , NA , 3 , NA , 3 , 3 , 4 , 4 , 3 , 4 , 4 , 4 , 3 , 3 , 4 , 4 , 3 , 4 , 3 , 3 , 4 , 3 , 3 , 4 , 4 , 4 , 4 , NA , 3 , 4 , NA , 4 , NA , 3 , 3 , 3 , 4 , 4 , 4 , 3 , 4 , NA , 3 , NA , 4 , 4 , 3 , 4 , 4 , 3 , 4 , 3 , 3 , 4 , 4 , 3 , 3 , 4 , 3 , 4 , 2 , 3 , 4 , 3 , 4 , 3 , 4 , 4 , 4 , 4 , 4 , NA , 3 , 3 , NA , 3 , 4 , 4 , 4 , 4 , 3 , 3 , 4 , 3 , 3 , 3
A_0185 , A , 98.16 , 2 , 2 , 1 , 2 , 3 , 1 , 2 , 2 , 3 , 2 , 3 , 3 , 2 , 2 , 1 , NA , 3 , 1 , 1 , NA , 1 , 3 , 1 , 2 , 1 , 2 , 1 , 2 , 1 , 2 , 3 , 2 , 2 , 1 , 1 , 2 , 2 , NA , 2 , 2 , NA , 3 , 1 , 2 , 1 , NA , 2 , 2 , 2 , 2 , 2 , 4 , 1 , NA , 3 , 3 , 3 , NA , 3 , NA , 2 , 1 , 2 , 2 , 2 , 2 , 2 , 3 , 2 , 2 , 2 , 3 , NA , 1 , 2 , 2 , NA , NA , 3 , NA , 2 , 2 , 3 , 1 , 1 , 2 , 2 , 2 , 2 , 2 , 1 , 3 , NA , 2 , 3 , 2 , 4 , 2 , 2 , 1 , 2 , 4
A_0186 , A , 99.38 , 1 , 2 , 1 , 1 , NA , 1 , 2 , 1 , 2 , 2 , 3 , 2 , 2 , 1 , 1 , 1 , 2 , 0 , 0 , 1 , 0 , 2 , 1 , NA , NA , 2 , 1 , 2 , 0 , 1 , 3 , 2 , 1 , 1 , NA , 1 , 2 , NA , 1 , 2 , 1 , 3 , NA , 2 , 0 , 2 , 1 , 2 , 1 , 1 , 1 , NA , 1 , 1 , 3 , 1 , 3 , 1 , 2 , NA , 2 , 1 , 1 , 3 , 2 , 1 , NA , 2 , 1 , 2 , 2 , 2 , 2 , 1 , 1 , 2 , 2 , 2 , 3 , 1 , NA , 1 , 3 , 1 , 1 , 2 , 2 , 2 , 2 , 1 , 1 , 2 , 2 , 2 , 3 , 2 , 3 , 1 , 2 , NA , 1 , 3
A_0187 , A , 101.21 , 3 , 3 , 4 , NA , 3 , 3 , 2 , 0 , 3 , 3 , 2 , 2 , 3 , NA , 3 , 3 , 2 , 4 , 4 , 4 , NA , 2 , 0 , 2 , 4 , 2 , 3 , 2 , 4 , 3 , 2 , 2 , 4 , 3 , 4 , 3 , 3 , 3 , 4 , 3 , 4 , 2 , 4 , 2 , 4 , NA , 3 , 3 , 4 , 2 , 4 , 2 , 3 , 3 , 4 , 4 , 1 , 4 , 2 , 3 , 3 , 3 , 4 , 2 , 3 , 3 , 3 , 3 , 3 , 3 , NA , 2 , 3 , 3 , NA , 3 , 3 , 3 , 2 , 3 , 2 , 3 , 2 , 3 , 4 , 2 , NA , 3 , 3 , 3 , 4 , 3 , 2 , NA , 2 , 3 , 2 , 4 , NA , 4 , 4 , 2
A_0192 , A , 104.77 , 3 , 4 , 3 , NA , 3 , 3 , 3 , 3 , 4 , 3 , 4 , 4 , 4 , 4 , 3 , 3 , 3 , 4 , 3 , 4 , 3 , 4 , NA , 3 , 3 , 4 , NA , NA , NA , 3 , 4 , 4 , 3 , 2 , 4 , 4 , 4 , 3 , 4 , 3 , 3 , 4 , 3 , 4 , 4 , 3 , 4 , 3 , 4 , 4 , 4 , 4 , 3 , 3 , 4 , 3 , 4 , 3 , 4 , 3 , NA , 4 , 4 , 4 , NA , 4 , 3 , 4 , 3 , 3 , 4 , 4 , 4 , NA , 3 , NA , 4 , 4 , 4 , 4 , 3 , 4 , 4 , 3 , 3 , 3 , 3 , 3 , NA , 3 , 3 , 3 , 3 , 4 , 3 , 3 , 4 , NA , 3 , 3 , 3 , 4
A_0193 , A , 105.95 , 1 , 0 , 1 , 1 , 1 , 1 , 1 , 1 , 0 , 1 , 0 , 0 , 0 , 0 , 1 , 1 , 1 , 0 , NA , 0 , 1 , 0 , 1 , 1 , 1 , 0 , 0 , 1 , 1 , 1 , 0 , 0 , 1 , 2 , 0 , 0 , 0 , 1 , 0 , 1 , 1 , 0 , 1 , 0 , 0 , 1 , 0 , 1 , NA , 0 , 0 , 0 , 1 , NA , 0 , 1 , NA , 1 , 0 , 1 , 1 , NA , 0 , 0 , 0 , 0 , 1 , NA , 1 , 1 , 0 , 3 , 0 , 1 , 1 , 1 , 0 , 0 , 0 , 0 , 1 , 0 , 0 , 1 , 1 , 1 , NA , 1 , 0 , 1 , 1 , 1 , NA , 0 , 1 , 1 , 0 , 1 , NA , 1 , 1 , 0
A_0194 , A , 108.15 , 4 , 3 , 4 , 3 , 4 , 4 , 4 , 0 , 4 , 3 , NA , 3 , 3 , 4 , 4 , 3 , 4 , 4 , 3 , NA , 4 , 3 , 4 , 3 , 4 , 4 , 3 , 4 , NA , 4 , 4 , 3 , 4 , 3 , 3 , 4 , 4 , 3 , 4 , 4 , 3 , 4 , 3 , 4 , 3 , 3 , 4 , NA , 4 , NA , 2 , 3 , 4 , 3 , 4 , NA , 3 , 4 , 4 , 3 , 4 , 4 , 4 , 3 , 3 , 3 , 3 , 4 , 3 , 3 , 4 , 3 , NA , 3 , 3 , 4 , 4 , 4 , 4 , 2 , 3 , 3 , 3 , 3 , 3 , 4 , 4 , 4 , NA , 3 , NA , 4 , NA , 3 , 4 , 4 , 3 , 3 , 2 , 3 , 3 , 4
A_0195 , A , 108.15 , 2 , 3 , 2 , 2 , 3 , NA , 3 , 3 , 2 , 3 , 3 , 3 , 3 , NA , 2 , 3 , 3 , 0 , 3 , 1 , 2 , 3 , 2 , 3 , 2 , 2 , 2 , 3 , NA , 2 , NA , 3 , 2 , 4 , 2 , 2 , 2 , 3 , 2 , 3 , 3 , NA , 3 , 2 , 1 , 4 , 1 , 4 , 1 , 3 , 2 , 2 , 2 , 3 , 2 , 2 , 3 , 2 , 2 , 4 , 3 , 1 , NA , 3 , 2 , 2 , 4 , 1 , 3 , 4 , 1 , NA , 2 , NA , 4 , 4 , 1 , 3 , 3 , 3 , NA , 2 , 3 , 3 , 2 , 3 , 3 , NA , 2 , 3 , NA , NA , 4 , 3 , 4 , 3 , 2 , 3 , 3 , NA , 3 , 3
A_0196 , A , 108.15 , 2 , 3 , 2 , NA , 3 , 2 , 3 , 3 , 2 , 3 , 3 , NA , 3 , NA , 2 , NA , NA , 0 , NA , 1 , 2 , 3 , 2 , 3 , 2 , 2 , 2 , 3 , 2 , 2 , 3 , 3 , 2 , 4 , 2 , 2 , NA , 3 , 2 , 1 , 3 , 3 , 3 , 2 , 1 , 4 , 1 , 4 , NA , NA , 2 , 2 , 2 , 3 , 2 , NA , 3 , 2 , 2 , 4 , 3 , 1 , 1 , 3 , 2 , 2 , 4 , 1 , 3 , NA , 1 , 3 , 2 , 3 , 4 , 4 , 1 , NA , 3 , 3 , 1 , 2 , 3 , 3 , 2 , 3 , 3 , 3 , 2 , 3 , 2 , 3 , 4 , 3 , 4 , NA , 2 , 3 , 3 , NA , NA , 3
A_0197 , A , 108.17 , 1 , 1 , 2 , 1 , 0 , 2 , 1 , 0 , 1 , 1 , NA , 0 , 1 , NA , 2 , 0 , 0 , 3 , 0 , 3 , 1 , 0 , 2 , NA , 2 , 2 , 2 , 1 , 1 , 1 , 1 , 1 , 1 , NA , NA , 1 , 2 , 0 , 1 , 1 , 1 , 1 , 1 , 2 , 2 , 0 , 2 , 0 , 2 , 1 , 1 , 1 , NA , 1 , 2 , 1 , 0 , NA , 1 , 0 , 1 , 3 , NA , 1 , 2 , 1 , 0 , 2 , 0 , 0 , 2 , 0 , 1 , 1 , 0 , NA , 1 , 0 , 1 , NA , 0 , 1 , 1 , 1 , 2 , 1 , 1 , 1 , 2 , 0 , 2 , 3 , 0 , 1 , 0 , 1 , 1 , 0 , 1 , 1 , 0 , 0
A_0198 , A , 109.31 , 2 , 3 , 2 , 2 , 3 , 2 , 3 , 3 , 2 , 3 , 3 , 3 , 3 , 1 , 2 , 3 , 3 , 0 , 3 , 1 , 2 , 3 , 2 , 3 , 2 , 2 , 2 , 3 , 2 , 2 , 3 , NA , 2 , 4 , 2 , 2 , NA , 3 , 2 , 3 , 3 , 3 , 3 , 2 , 1 , 4 , 1 , 4 , 1 , 3 , 2 , 2 , 2 , 3 , 2 , NA , 3 , 2 , 2 , 4 , 3 , 1 , 1 , 3 , 2 , 2 , 4 , 1 , 3 , 4 , NA , 3 , 2 , 3 , 4 , 4 , 1 , NA , 3 , 3 , 4 , 2 , 3 , 3 , 2 , 3 , 3 , 3 , 2 , 3 , 2 , 3 , 4 , 3 , 4 , 3 , 2 , NA , 3 , 2 , 3 , 3
A_0199 , A , 110.9 , 2 , 0 , NA , 2 , 2 , 0 , NA , 2 , 1 , 1 , NA , 1 , 0 , 1 , 1 , NA , NA , NA , 1 , 0 , 2 , 1 , 1 , 1 , 1 , 0 , 0 , 1 , 2 , 2 , 0 , 0 , 2 , NA , 1 , 1 , 0 , NA , 1 , 1 , 1 , 0 , 1 , 0 , 1 , 1 , 1 , 1 , 1 , 0 , 1 , 1 , 1 , 1 , 0 , 2 , 1 , 2 , 1 , 2 , 1 , 0 , 1 , 0 , NA , 1 , 1 , 1 , 2 , NA , 1 , 1 , 1 , 1 , 1 , 1 , 2 , 1 , 0 , 1 , 1 , 1 , NA , 1 , 1 , 1 , 1 , NA , 0 , 2 , 1 , 2 , 1 , 0 , 1 , 1 , 1 , 2 , NA , 2 , NA , 1
A_0200 , A , 112.18 , 2 , 1 , NA , 2 , 1 , 2 , 1 , 1 , 2 , 1 , 1 , 1 , 1 , NA , 2 , 1 , 1 , 4 , 1 , 3 , 2 , 1 , 2 , 1 , NA , 2 , 2 , 1 , 2 , 2 , 1 , 1 , 2 , NA , NA , 2 , 2 , 0 , 2 , 1 , 1 , 1 , 1 , 2 , 3 , 0 , 3 , NA , 3 , 1 , 2 , 2 , 1 , 1 , 2 , 2 , 1 , 2 , 1 , 1 , 1 , 3 , NA , 1 , 2 , 2 , 0 , 3 , 1 , 0 , NA , 1 , 2 , 1 , 0 , 0 , 3 , 1 , 1 , 1 , 1 , 2 , 2 , 1 , 2 , 1 , 1 , 1 , 2 , 1 , 2 , 1 , 0 , 1 , 0 , 1 , 2 , 1 , 1 , 2 , NA , 1
A_0201 , A , 112.18 , 4 , 2 , NA , 4 , 2 , 3 , 3 , 3 , NA , NA , 2 , 3 , 3 , 3 , 4 , 3 , 2 , 4 , 3 , 3 , 3 , 3 , 3 , 4 , 3 , NA , 4 , 3 , 3 , 3 , 2 , 3 , 3 , 3 , 3 , 3 , 3 , 3 , 2 , 3 , 3 , 2 , 3 , 4 , 4 , 3 , 3 , 3 , 3 , 3 , 2 , 3 , NA , 3 , NA , 3 , 3 , 3 , 3 , 3 , 3 , 4 , 3 , 4 , 4 , 3 , 3 , NA , 3 , 3 , 3 , 3 , 2 , 4 , 3 , 2 , 3 , 2 , 2 , 4 , 4 , 3 , 3 , 4 , NA , 3 , 3 , 3 , 3 , 3 , 3 , 2 , 3 , NA , 2 , 3 , 4 , 3 , 3 , 4 , NA , 2
A_0202 , A , 112.18 , 0 , 2 , 1 , 0 , 2 , 1 , 1 , 1 , 2 , 1 , NA , 1 , NA , 1 , NA , 1 , 2 , 0 , 1 , 1 , 1 , 1 , 1 , 0 , 1 , 1 , 0 , 1 , 1 , 1 , 2 , NA , 1 , 1 , 1 , 1 , 1 , 1 , 2 , 1 , 1 , 2 , 1 , 0 , 0 , 1 , 1 , NA , 1 , 1 , 2 , 1 , 2 , 1 , 1 , 1 , 1 , 1 , NA , NA , NA , 0 , 1 , 0 , 0 , 1 , 1 , 1 , 1 , 1 , 1 , 1 , 2 , 0 , 1 , NA , 1 , 2 , 2 , 0 , 0 , 1 , 1 , 0 , 0 , 1 , 1 , 1 , 1 , 1 , 1 , 2 , 1 , 1 , 2 , 1 , 0 , 1 , NA , 0 , 1 , 2
A_0203 , A , 112.37 , 3 , 4 , 4 , 3 , 3 , 4 , 4 , 3 , NA , 4 , 4 , 3 , 4 , 3 , 4 , 3 , 3 , 3 , 4 , 4 , 3 , 3 , 4 , 4 , 4 , 4 , 4 , 4 , 3 , 3 , 4 , 4 , 3 , 4 , 3 , 3 , 4 , 4 , 3 , 4 , 4 , 4 , 4 , 4 , NA , 4 , 3 , 4 , 3 , 4 , 3 , 3 , 4 , 4 , 4 , 3 , 3 , NA , 4 , 3 , 4 , 4 , 3 , 4 , 4 , 3 , 4 , 3 , 3 , 3 , 3 , 3 , 3 , 4 , 4 , 4 , 2 , 3 , NA , 3 , 4 , 3 , 3 , 4 , 4 , NA , 4 , 4 , 4 , 3 , 4 , 3 , 4 , 4 , 4 , 4 , 3 , 3 , 4 , 3 , 3 , 3
A_0204 , A , 113.41 , 1 , 1 , 0 , 1 , 0 , 1 , 1 , 1 , 0 , 1 , 1 , 1 , 2 , 0 , 1 , 1 , 0 , NA , NA , 0 , 0 , 2 , 0 , 2 , NA , 1 , 2 , 1 , 0 , 0 , 1 , 2 , 0 , NA , 1 , 1 , 1 , 2 , 0 , NA , NA , 1 , 1 , 2 , 1 , 2 , 0 , 2 , NA , 2 , 0 , 1 , 0 , 1 , 1 , 4 , 2 , 0 , 1 , NA , 1 , NA , 0 , 3 , 2 , 2 , 2 , 0 , 1 , NA , 0 , 0 , 0 , 2 , 2 , 1 , 0 , 1 , 0 , 3 , 2 , NA , 1 , 2 , 1 , 1 , NA , 1 , 1 , 1 , 0 , 0 , NA , 2 , 1 , 1 , 2 , 1 , 1 , 0 , 1 , 1
A_0205 , A , 115.12 , 1 , 1 , 2 , 1 , 0 , 2 , 1 , 0 , 1 , NA , 1 , 1 , 1 , NA , 2 , 0 , 0 , 3 , 1 , 3 , 1 , 0 , 2 , NA , NA , NA , 2 , 1 , 1 , 1 , 1 , 1 , 1 , 0 , 1 , 1 , 2 , 0 , 1 , NA , 2 , 1 , 1 , 2 , 1 , 0 , NA , 0 , 2 , NA , 1 , 1 , 1 , 1 , 2 , 1 , 0 , 1 , 1 , 0 , NA , 3 , 2 , 1 , NA , 0 , 0 , 2 , 0 , NA , 2 , 0 , 1 , NA , NA , NA , 1 , NA , 1 , 0 , 1 , 2 , 1 , 1 , 2 , 1 , 1 , 1 , NA , 0 , 2 , 0 , 0 , 1 , 0 , 1 , 1 , 0 , 1 , 1 , 0 , 0
A_0206 , A , 115.12 , 2 , 1 , 0 , NA , NA , 1 , 1 , 2 , 1 , 1 , 1 , 2 , 2 , 1 , 1 , NA , 1 , 1 , 1 , 0 , 1 , 3 , 0 , 2 , 0 , 1 , 2 , NA , 1 , 1 , 1 , 2 , 1 , 1 , 2 , 2 , 1 , 2 , 1 , 1 , NA , 1 , 1 , 2 , 3 , 2 , 1 , NA , 1 , 2 , 1 , 2 , 0 , NA , 1 , 1 , 3 , 1 , 1 , 2 , 1 , NA , NA , 3 , NA , 3 , NA , 1 , 2 , 2 , 1 , 3 , 1 , 2 , 2 , 1 , NA , 2 , 1 , 4 , 2 , NA , 2 , 2 , 1 , 1 , 1 , 1 , NA , NA , 0 , 1 , 2 , 2 , 1 , 1 , 3 , 2 , 1 , 1 , 2 , 2
A_0207 , A , 115.12 , 3 , 3 , NA , NA , 4 , 3 , 3 , 3 , 0 , NA , NA , 3 , 2 , 4 , 3 , 3 , NA , 4 , 3 , NA , 4 , 2 , 4 , NA , 4 , 3 , 2 , 3 , 4 , 4 , 3 , 2 , 4 , 3 , 3 , 3 , 3 , 2 , 4 , 3 , NA , NA , 3 , 2 , 2 , NA , 4 , 2 , 4 , 2 , 4 , 2 , 4 , 3 , 3 , 4 , 2 , 4 , 3 , 3 , 3 , 3 , 4 , 1 , NA , 2 , 2 , NA , 3 , 2 , 4 , 2 , 4 , 2 , 2 , 3 , 4 , 3 , 4 , 1 , 2 , 3 , 3 , 2 , 3 , 3 , 3 , 3 , 3 , 3 , 4 , 4 , 2 , 2 , NA , 3 , 2 , 3 , 3 , 4 , 3 , 3
A_0208 , A , 115.99 , 4 , 2 , 3 , 4 , 2 , 3 , 3 , 3 , 2 , 3 , 2 , 3 , 3 , 3 , 4 , 3 , 2 , 4 , NA , 3 , 3 , 3 , 3 , 4 , 3 , 3 , NA , 3 , 3 , 3 , 2 , 3 , NA , 3 , 3 , NA , 3 , 3 , 2 , 3 , 3 , 2 , 3 , 4 , 4 , NA , 3 , 3 , 3 , 3 , 2 , 3 , 2 , 3 , 3 , NA , 3 , 3 , 3 , 3 , 3 , 4 , NA , 4 , 4 , 4 , 3 , 4 , 3 , 3 , 3 , 3 , 2 , 4 , 3 , 2 , 3 , 2 , 2 , 4 , 4 , 4 , 3 , 4 , 4 , 3 , 3 , 3 , 3 , 3 , 3 , 2 , 3 , NA , 2 , NA , 4 , 3 , 3 , 3 , 3 , 2
A_0209 , A , 119.12 , 1 , 0 , 0 , 1 , 0 , 1 , 1 , 0 , NA , 0 , 1 , 1 , NA , 0 , 1 , NA , 0 , 0 , 0 , 0 , 0 , 1 , 0 , 1 , 0 , 1 , 1 , 1 , 0 , 0 , 1 , 1 , 0 , 0 , NA , NA , 1 , 1 , 0 , 1 , 0 , NA , 0 , NA , 1 , 1 , NA , 1 , 0 , 1 , 0 , 0 , 0 , 0 , 1 , NA , 1 , 0 , 1 , 0 , 1 , 1 , 0 , 1 , 1 , 1 , 1 , 0 , 0 , 1 , 0 , 1 , 0 , 1 , 1 , 1 , NA , 1 , 0 , 1 , 1 , 0 , 0 , 1 , 0 , 1 , 1 , 1 , 1 , NA , 0 , 0 , 1 , NA , 0 , 1 , NA , 0 , 1 , 2 , 0 , 1
A_0210 , A , 119.12 , 3 , 2 , 2 , 3 , 1 , 3 , 2 , 2 , 2 , 2 , 2 , 3 , 2 , 3 , NA , 2 , 0 , 4 , 2 , 3 , 2 , 3 , 2 , 2 , 2 , 3 , NA , 2 , 2 , 2 , 2 , 3 , 2 , 2 , 3 , 3 , 3 , 2 , 2 , 2 , 2 , 2 , NA , 4 , 4 , 2 , 3 , 2 , 3 , 3 , 2 , 3 , 1 , NA , NA , 2 , 3 , 2 , 2 , 2 , 2 , 4 , 2 , 4 , 3 , 4 , 2 , 4 , 2 , 2 , 4 , 3 , 2 , 3 , 2 , 1 , 2 , 2 , 2 , 4 , 3 , NA , 3 , 3 , 3 , 2 , 2 , NA , 3 , 2 , 2 , 1 , NA , 3 , 1 , 2 , 4 , 2 , 2 , 2 , 2 , 2
A_0211 , A , 119.12 , 2 , 1 , 2 , 2 , 0 , 3 , 2 , 0 , 1 , 1 , 2 , 2 , 1 , 2 , 3 , NA , 0 , NA , 1 , 3 , 1 , 1 , 2 , 2 , 2 , 3 , 3 , NA , 1 , 1 , 2 , 2 , 2 , NA , 1 , 2 , 3 , 1 , NA , 2 , 2 , 2 , 1 , 4 , NA , 1 , 2 , 1 , 2 , 2 , 1 , 1 , 1 , 1 , 3 , NA , 1 , NA , 2 , NA , NA , 4 , 1 , 3 , 2 , 2 , 1 , 2 , NA , 1 , 2 , 2 , 1 , 2 , 1 , NA , 1 , 1 , NA , 1 , 0 , 2 , 1 , 2 , 2 , 2 , 2 , 2 , 3 , 0 , 2 , 0 , 1 , 2 , 0 , 2 , 2 , 0 , 2 , 1 , NA , NA
A_0212 , A , 120.39 , 3 , 3 , 2 , NA , NA , 2 , 3 , 4 , 3 , 3 , 3 , 3 , 4 , 2 , NA , 4 , 4 , 1 , 3 , 1 , 3 , 2 , 2 , 3 , 2 , 2 , 2 , 3 , 3 , 3 , 3 , 3 , 2 , 4 , 3 , 3 , 2 , 4 , 3 , 3 , 2 , 3 , 3 , 2 , 3 , 4 , 2 , 4 , 2 , 3 , 3 , 3 , NA , 3 , 2 , 3 , 4 , NA , 3 , 4 , 3 , NA , 3 , 2 , 3 , 3 , 4 , 2 , 4 , NA , 2 , 3 , NA , 3 , 4 , 4 , 3 , 4 , 3 , 4 , 3 , 2 , 3 , 3 , 2 , 2 , 3 , 3 , 2 , 4 , 2 , 4 , 4 , 3 , 4 , 3 , 3 , 4 , 3 , 3 , 4 , 4
A_0213 , A , 120.39 , 3 , 2 , 3 , 3 , 1 , 3 , 2 , 2 , 2 , 2 , 2 , 3 , 2 , 3 , 3 , 2 , 1 , 4 , NA , 3 , 2 , NA , 2 , NA , 2 , 3 , NA , 2 , 2 , 2 , 2 , 3 , 2 , 2 , 3 , 3 , 3 , 2 , 2 , 2 , 2 , 2 , 2 , 4 , 4 , 2 , 3 , 2 , 4 , 3 , 2 , 3 , 1 , 2 , 3 , 2 , 3 , 2 , 2 , 2 , 2 , 4 , 2 , 4 , 3 , 4 , 2 , 4 , 2 , 2 , 4 , NA , 3 , 3 , NA , 1 , 2 , 2 , 2 , NA , 3 , 4 , 3 , 3 , 3 , NA , 2 , 2 , 3 , 2 , 2 , 1 , 2 , 3 , 1 , 2 , 4 , NA , 2 , 2 , 2 , 2
A_0214 , A , 120.76 , 3 , 4 , 4 , 3 , 4 , 3 , 3 , 4 , 4 , 4 , 3 , 3 , 3 , 4 , 3 , 4 , 4 , 4 , 4 , 4 , 4 , 3 , 4 , 3 , 4 , 3 , 3 , 3 , 4 , 4 , 3 , NA , 4 , 4 , 4 , 3 , 3 , 3 , 4 , NA , 4 , 3 , 4 , 2 , NA , NA , 4 , 3 , 4 , 3 , 4 , 4 , 4 , 4 , 3 , 4 , 3 , 4 , 3 , 4 , 3 , 3 , 4 , 3 , 3 , 3 , 3 , 4 , 4 , 3 , NA , 3 , 4 , 3 , 3 , 3 , 4 , 3 , 4 , 3 , 3 , 4 , 4 , 3 , 4 , 3 , 3 , 3 , 3 , 4 , 4 , NA , 3 , 3 , 4 , 3 , 3 , NA , 3 , 4 , 4 , 3
A_0215 , A , 121.34 , 3 , 2 , 3 , 4 , 1 , 3 , 3 , 2 , 1 , 3 , 2 , 2 , NA , 2 , 4 , NA , 1 , NA , 3 , 3 , 2 , 2 , NA , 4 , 3 , NA , 3 , 3 , 2 , 2 , 2 , NA , 3 , 2 , 2 , 2 , 3 , 3 , 1 , NA , 3 , 2 , 3 , NA , 3 , 3 , 2 , 4 , 2 , 3 , 1 , NA , 2 , 3 , 3 , NA , 2 , NA , 3 , 2 , 3 , 4 , 2 , 4 , NA , 3 , 3 , 3 , 2 , NA , 3 , 3 , 2 , 4 , 3 , 2 , 1 , 1 , 1 , 3 , 4 , 3 , 2 , 4 , 4 , 3 , NA , 3 , 3 , 2 , 3 , 1 , 3 , 3 , 1 , 3 , 3 , 2 , 3 , NA , 2 , 1
A_0216 , A , 121.9 , 1 , 0 , 0 , 1 , 0 , NA , NA , 0 , 0 , 0 , 1 , NA , 1 , 0 , 1 , 0 , NA , 0 , 0 , 0 , 0 , 1 , 0 , 1 , 0 , 1 , 1 , 1 , 0 , 0 , 1 , NA , 0 , 0 , 0 , 1 , 1 , 4 , 0 , 1 , NA , 1 , 0 , NA , 1 , NA , 0 , 1 , 0 , 1 , 0 , 0 , 0 , NA , NA , 0 , NA , 0 , 1 , 0 , 1 , 1 , 0 , 1 , 2 , 1 , 1 , 0 , 0 , NA , 0 , 1 , 0 , 1 , 1 , 1 , 0 , 1 , 0 , 1 , 1 , 0 , 0 , 1 , 0 , NA , 1 , 1 , 1 , 0 , 0 , 0 , 1 , 1 , 0 , 1 , 1 , 0 , 1 , 0 , 0 , NA
A_0217 , A , 123.59 , 3 , 2 , 2 , 3 , 1 , 3 , 2 , NA , 2 , 2 , 2 , 3 , 2 , 1 , 3 , 3 , 1 , 4 , 2 , 3 , 2 , 3 , 2 , 3 , 2 , 3 , 3 , 2 , 2 , 1 , 2 , 3 , 2 , 2 , 3 , 3 , 3 , 2 , 2 , NA , 2 , 2 , 2 , 4 , 4 , 2 , 3 , 3 , 3 , 3 , 2 , 3 , 1 , 2 , 3 , NA , 3 , 2 , 2 , 2 , 2 , 4 , NA , 3 , 3 , 4 , 2 , 4 , 2 , 2 , 4 , 3 , NA , 3 , 2 , 3 , 1 , 2 , 2 , 4 , 3 , 4 , NA , 3 , 3 , 3 , 2 , 2 , 3 , NA , 2 , 1 , 2 , 3 , 1 , 2 , 4 , NA , 2 , NA , 2 , 2
A_0218 , A , 124.03 , 2 , 4 , 4 , 3 , 3 , 4 , 3 , 3 , 3 , 4 , 3 , 2 , 3 , 3 , 3 , 3 , 3 , NA , 4 , 4 , 3 , 2 , 4 , 4 , 4 , 3 , 3 , 3 , 3 , NA , 3 , NA , 4 , 3 , 3 , 2 , 3 , 3 , 3 , 2 , 4 , 3 , 4 , 2 , 2 , 3 , 3 , 3 , 4 , 3 , 3 , NA , 4 , 4 , 3 , 3 , 2 , 3 , NA , 3 , 3 , 3 , 3 , 3 , 2 , NA , 3 , 3 , 3 , 3 , 3 , 3 , 3 , 3 , 3 , 3 , 3 , 2 , 3 , 2 , 3 , 2 , 3 , 3 , 4 , 3 , 3 , 3 , 3 , 3 , 4 , 3 , 3 , 3 , 3 , 3 , 2 , 3 , 3 , 4 , 3 , 2
A_0219 , A , 124.42 , 3 , 2 , NA , 3 , 1 , 3 , 2 , 2 , 2 , 2 , 2 , 3 , 2 , NA , 3 , 3 , 1 , 4 , NA , NA , 2 , 3 , 2 , 3 , 2 , 3 , 3 , 2 , 2 , 1 , 2 , 3 , 2 , NA , 3 , 3 , 3 , 2 , 3 , 2 , 2 , 2 , 2 , 4 , NA , 2 , 3 , 3 , 2 , 3 , 2 , 3 , 1 , 2 , NA , 2 , 3 , 2 , 2 , 2 , 2 , 4 , 2 , 3 , 3 , 3 , 2 , 4 , 2 , 2 , 4 , 3 , 3 , 3 , 2 , 1 , 1 , 2 , NA , 4 , 3 , 4 , 3 , 3 , 3 , 3 , 2 , 2 , 3 , 2 , 2 , 1 , 2 , 3 , 1 , 2 , 4 , 2 , 2 , 1 , 2 , 2
A_0220 , A , 125.18 , 3 , 4 , 4 , 3 , 4 , 3 , 3 , 4 , 4 , 4 , 3 , NA , 3 , 4 , 3 , 4 , 4 , 4 , 4 , 4 , 4 , 3 , 4 , NA , 4 , 3 , 3 , 3 , 4 , 4 , 3 , 3 , 4 , 4 , NA , 3 , 3 , 3 , 4 , NA , 4 , 3 , 4 , 2 , 3 , 3 , 4 , 3 , 4 , NA , 4 , 4 , 4 , 4 , 3 , NA , 3 , 4 , 3 , NA , 3 , 3 , 4 , 3 , 2 , 3 , 3 , 4 , 4 , 3 , 4 , 3 , 4 , 3 , NA , NA , NA , 3 , 4 , 3 , 3 , 3 , 4 , 3 , NA , 3 , 3 , 3 , 3 , 4 , 4 , 4 , 3 , 3 , 4 , 3 , 3 , 4 , 3 , 4 , 4 , 3
A_0221 , A , 125.18 , 1 , 2 , 2 , 1 , 3 , 1 , 2 , 2 , 2 , NA , NA , 1 , 2 , 1 , 1 , 1 , 3 , 0 , NA , 1 , 2 , 1 , 2 , 1 , NA , 1 , 1 , 2 , 2 , 3 , NA , 1 , 2 , 2 , 1 , 1 , 1 , 2 , NA , 2 , 2 , 2 , 2 , 0 , 0 , 2 , NA , 1 , 2 , 1 , 2 , 1 , 3 , 2 , 1 , 2 , 1 , 2 , 2 , NA , NA , 0 , 2 , 1 , 1 , 1 , 2 , 0 , 2 , 2 , 0 , 1 , 1 , 1 , NA , 3 , 3 , 2 , NA , 0 , 1 , NA , 1 , 1 , 1 , 1 , 2 , 2 , 1 , 2 , 2 , 3 , 2 , 1 , 3 , 2 , 0 , 2 , 2 , 3 , 2 , 2
A_0222 , A , 127.1 , 3 , 4 , 4 , 4 , 3 , NA , 4 , 3 , NA , NA , 4 , 3 , NA , 3 , 4 , 3 , 3 , 3 , 4 , 4 , NA , 3 , 4 , NA , 4 , 4 , 4 , 3 , 3 , 3 , 4 , 4 , 4 , 3 , 3 , 3 , 4 , 4 , 3 , 4 , 4 , NA , 4 , 4 , 3 , 4 , 3 , NA , 4 , 4 , 3 , NA , 4 , 4 , 4 , 4 , 3 , 3 , 4 , 3 , 4 , 4 , 3 , 4 , 4 , 3 , NA , 3 , 3 , 4 , 3 , NA , 3 , 4 , NA , 4 , 3 , 3 , 3 , 4 , 3 , 3 , 3 , 4 , 4 , 4 , NA , 4 , 4 , NA , 4 , 3 , 4 , 4 , 3 , 4 , 3 , 3 , 4 , NA , 3 , 3
A_0223 , A , 127.61 , 1 , 0 , 0 , 0 , NA , 0 , 0 , 1 , 1 , 0 , 0 , 1 , 0 , NA , 0 , 1 , 1 , 1 , 0 , 0 , 1 , 1 , 0 , 0 , 0 , 0 , 0 , 1 , 1 , 1 , 0 , 0 , 0 , 1 , 1 , 1 , 0 , 0 , 1 , 0 , 0 , 0 , 0 , 0 , 1 , 0 , 1 , 0 , 0 , 0 , 1 , 1 , 0 , 3 , 0 , 0 , 1 , 1 , 0 , 1 , 0 , 0 , 1 , 0 , 0 , 1 , NA , 1 , 1 , 0 , 1 , 0 , 1 , 0 , 0 , 0 , 1 , 1 , 1 , 1 , 1 , 1 , 1 , 0 , 0 , 0 , 0 , 0 , 0 , 1 , 1 , NA , 0 , 0 , 1 , 0 , 1 , 1 , 0 , 1 , 1 , 1
A_0224 , A , 127.61 , 2 , 1 , 2 , 1 , NA , NA , 1 , 1 , 2 , 1 , 1 , 2 , 0 , 3 , 2 , 2 , 1 , 4 , 1 , 3 , 2 , 1 , 2 , 2 , 1 , 2 , 1 , 2 , 2 , NA , 1 , 1 , 2 , 1 , NA , 1 , 2 , NA , 2 , 1 , 2 , 1 , 1 , NA , 1 , 0 , 2 , 1 , 1 , 1 , 2 , NA , 1 , 1 , 2 , 1 , 1 , 2 , 1 , NA , 1 , 3 , 2 , NA , 0 , 2 , 0 , 3 , 1 , 3 , 3 , 1 , 3 , 1 , 0 , 0 , 1 , NA , NA , 1 , 2 , 2 , 2 , 1 , 2 , 2 , 1 , 1 , 2 , NA , NA , 1 , 0 , 1 , 1 , 1 , 3 , 1 , 1 , 1 , 1 , 1
A_0225 , A , 128.33 , 4 , 2 , 3 , 4 , 2 , 3 , 3 , 3 , 2 , 3 , 2 , 3 , 3 , 3 , 4 , 3 , 2 , 4 , NA , 3 , 3 , 3 , 3 , 4 , NA , 3 , 3 , 3 , 3 , 2 , 2 , 3 , 3 , 3 , 3 , 3 , 3 , 2 , 3 , 3 , 3 , 2 , NA , 4 , 3 , 3 , 3 , 4 , 3 , 3 , 2 , 3 , 2 , 3 , 3 , 3 , NA , NA , 3 , 3 , NA , 4 , 3 , 3 , 3 , 3 , NA , 4 , 3 , 3 , 4 , 3 , 3 , 4 , 4 , 2 , 3 , 2 , 2 , 4 , 4 , 4 , NA , 0 , 4 , 3 , 3 , NA , 3 , 3 , 3 , 2 , 3 , 4 , 2 , 3 , 4 , 3 , 3 , 2 , 3 , 2
A_0226 , A , 130.08 , 2 , 2 , 2 , 3 , 0 , 3 , 2 , 1 , NA , 2 , 0 , 2 , 2 , 2 , 3 , 2 , 0 , 3 , NA , 3 , 1 , 2 , 2 , 3 , 2 , NA , 3 , 1 , 2 , 1 , 1 , 3 , 2 , 1 , 2 , 2 , 3 , 1 , 2 , 2 , 2 , 2 , 2 , 4 , 2 , 2 , 1 , 3 , 2 , 3 , 1 , 2 , 1 , 3 , NA , 2 , 2 , 2 , 2 , 1 , 3 , 4 , 1 , 3 , 3 , 2 , 2 , 3 , 1 , 2 , 3 , 3 , 2 , 3 , 2 , 1 , 1 , 1 , 1 , 3 , 2 , 3 , NA , NA , 2 , 3 , 2 , 3 , 3 , 1 , 2 , 0 , 2 , 3 , 0 , 3 , NA , NA , 2 , 0 , 1 , 1
A_0228 , A , 132.05 , 4 , 3 , 4 , 3 , 0 , 4 , 4 , 3 , 4 , 3 , 4 , 4 , 3 , NA , 4 , 3 , 4 , 4 , 3 , 4 , 4 , NA , 4 , 3 , 4 , 4 , 3 , 4 , 4 , 4 , NA , 3 , 4 , 3 , 3 , 3 , 4 , 4 , 3 , 4 , 4 , 4 , 3 , 4 , 3 , 3 , NA , 3 , 3 , NA , 4 , 3 , 4 , NA , 4 , NA , 3 , 4 , 4 , 3 , NA , 4 , 4 , 4 , 3 , 4 , 3 , 3 , 3 , 3 , 3 , NA , 4 , 3 , 3 , NA , 4 , 4 , 4 , NA , 3 , 3 , 4 , 3 , 3 , NA , 4 , 4 , 4 , NA , 4 , 4 , 3 , 3 , 4 , 4 , 3 , 3 , 4 , NA , 3 , 4
A_0229 , A , 132.05 , 0 , 1 , 0 , 1 , NA , 0 , 0 , 1 , 2 , 1 , 0 , 0 , 1 , 0 , NA , 1 , 0 , NA , 1 , 2 , 0 , 1 , NA , 1 , 0 , NA , 1 , NA , 0 , 0 , 0 , 1 , 0 , 1 , 1 , 1 , 0 , 0 , 1 , 0 , 0 , 0 , 1 , 0 , 1 , 1 , 0 , 1 , NA , 1 , 0 , 1 , 0 , 1 , 0 , NA , 1 , 0 , 0 , 1 , 1 , 0 , 0 , 0 , NA , 0 , 1 , 1 , 1 , 1 , NA , 1 , 0 , NA , 1 , 0 , 0 , NA , 0 , 2 , 1 , 1 , 1 , 1 , 1 , 0 , 0 , 0 , NA , 1 , 0 , 0 , 1 , 1 , 0 , 0 , 1 , 1 , 0 , 0 , 1 , 0
A_0230 , A , 132.46 , 0 , 1 , 1 , 0 , 0 , 0 , 1 , NA , 1 , NA , 1 , NA , 1 , 1 , 0 , 0 , NA , 0 , 1 , 1 , 0 , 0 , 0 , 0 , 1 , 0 , 0 , 0 , 1 , 0 , 1 , 0 , 0 , 0 , 1 , NA , NA , 0 , 1 , 1 , 0 , 1 , 1 , 0 , 0 , 0 , 0 , 0 , 0 , NA , 1 , 0 , 1 , 1 , 0 , 1 , 0 , 1 , 0 , 0 , 0 , 0 , 1 , 1 , 1 , 1 , 1 , 0 , 0 , 1 , 0 , 0 , NA , 0 , 0 , 2 , 1 , 1 , 1 , 0 , 0 , 0 , 1 , 0 , 0 , 0 , 1 , 1 , 1 , NA , 1 , 2 , 0 , 0 , 1 , 0 , 0 , 1 , 1 , 2 , 1 , 1
A_0232 , A , 134.97 , 1 , 2 , 1 , 2 , 3 , 1 , 3 , 2 , 1 , 3 , 2 , 1 , NA , 1 , 1 , 2 , 2 , 0 , 2 , 0 , 0 , 2 , 2 , 2 , 1 , 2 , 2 , 2 , 0 , 2 , 1 , 2 , 2 , 3 , 1 , 1 , 0 , 3 , 2 , 1 , 2 , 1 , NA , 0 , 2 , 3 , 2 , 2 , 3 , 2 , 1 , 1 , 2 , 2 , 1 , 1 , 2 , 1 , 2 , 3 , 2 , 0 , 1 , 0 , 1 , 0 , 2 , 1 , 3 , 2 , 2 , 2 , 0 , 2 , NA , 1 , 1 , 1 , 1 , NA , 2 , 1 , 1 , 2 , 3 , 1 , 1 , 1 , 0 , 2 , 1 , 1 , 3 , 2 , 2 , 1 , 1 , 2 , NA , 1 , 4 , 1
A_0233 , A , 134.97 , 0 , 1 , 1 , 0 , 0 , 0 , 0 , 1 , 1 , 0 , 1 , 0 , 1 , 0 , 0 , 0 , 0 , 0 , 1 , 1 , 0 , 0 , 0 , 0 , 1 , 0 , 0 , 0 , 1 , 0 , 1 , NA , 0 , 0 , 1 , 1 , 1 , 0 , 1 , 1 , NA , 1 , 1 , 0 , 0 , 0 , 0 , 0 , 0 , 0 , 1 , 1 , 1 , 1 , 0 , 1 , 0 , 1 , NA , 0 , 0 , 0 , 1 , NA , 1 , 1 , 1 , 0 , 0 , 1 , 0 , 0 , NA , 0 , 0 , 2 , 1 , 1 , 1 , 0 , 0 , NA , 1 , 0 , 0 , 0 , 1 , 1 , NA , NA , 1 , 2 , 0 , 0 , 1 , 0 , 0 , 1 , 1 , 2 , 1 , 1
A_0234 , A , 135.7 , 3 , 3 , NA , 3 , 3 , 4 , 4 , NA , 3 , 3 , 3 , NA , 3 , 2 , 4 , NA , 3 , 3 , 3 , 4 , 3 , 2 , 4 , NA , 4 , 4 , 3 , 3 , NA , 3 , 3 , 3 , 4 , 2 , 2 , NA , 4 , 4 , 2 , NA , 4 , 4 , 3 , 4 , 2 , 3 , 3 , 3 , 3 , 3 , 3 , 3 , 4 , 3 , 3 , 4 , 2 , 4 , 4 , 2 , 3 , NA , 3 , 4 , NA , 3 , 3 , NA , NA , 3 , 2 , 3 , 3 , 3 , 1 , 4 , 3 , 3 , 3 , 1 , 2 , 2 , 2 , 3 , 3 , 4 , 4 , 4 , 4 , 1 , 3 , 3 , 3 , 3 , 3 , 4 , 2 , 2 , 4 , 3 , 3 , NA
A_0235 , A , 136.03 , 4 , 3 , 4 , 3 , 4 , 4 , 4 , NA , 4 , 3 , 4 , 4 , 3 , 3 , 4 , 3 , 4 , 4 , 3 , 4 , 4 , 3 , NA , 3 , 4 , 4 , 3 , 2 , 4 , 4 , 4 , 3 , 4 , 3 , 3 , 3 , 4 , 4 , 3 , 4 , 4 , 4 , 3 , 4 , 3 , NA , 4 , 3 , NA , 3 , NA , 4 , 4 , 3 , 4 , 4 , 3 , 4 , 4 , 3 , 3 , 4 , 4 , 4 , 3 , 4 , 2 , 3 , 3 , NA , 3 , 3 , 4 , 3 , NA , 4 , 4 , 4 , 4 , 2 , 3 , 3 , 3 , 3 , 3 , 4 , 4 , 4 , NA , 3 , 4 , 4 , 3 , NA , 4 , 4 , 3 , 3 , 4 , 4 , 4 , 4
A_0237 , A , 138.08 , 3 , 3 , 3 , 3 , 1 , NA , 1 , 3 , 4 , 2 , 2 , 3 , NA , 4 , 4 , 3 , 2 , 4 , 3 , 4 , 3 , 3 , 2 , 3 , 3 , 2 , 3 , 2 , 3 , 2 , 3 , 3 , 2 , 2 , 4 , 3 , 4 , NA , 3 , 3 , 2 , 3 , 3 , 4 , 3 , 2 , 2 , 3 , NA , 3 , 3 , 3 , 2 , 3 , 3 , 3 , 3 , 3 , NA , 2 , 3 , 3 , 3 , 4 , NA , 4 , 3 , 3 , 2 , 3 , 3 , 2 , 4 , 3 , 2 , NA , 3 , 3 , 3 , 4 , 3 , 4 , 4 , 3 , 2 , 3 , 3 , 3 , 4 , 3 , 3 , NA , 2 , 2 , 2 , 3 , 4 , 3 , 3 , 3 , 3 , 3
A_0238 , A , 138.17 , 1 , 1 , 1 , 1 , 3 , 1 , 3 , 1 , 0 , 2 , 2 , 1 , 1 , 0 , 1 , NA , 2 , 0 , 1 , 0 , 1 , 1 , 2 , 1 , 2 , 2 , 1 , 2 , 1 , 2 , 1 , NA , 2 , 2 , 0 , 1 , 0 , 3 , 1 , 1 , 2 , 1 , 1 , 0 , 1 , NA , 2 , 1 , 0 , 1 , 1 , 1 , 2 , 1 , 1 , 1 , 1 , 1 , 2 , 2 , 1 , 1 , 1 , NA , 0 , 0 , 1 , 1 , 2 , NA , 1 , 2 , 0 , 1 , 2 , 1 , 1 , 1 , NA , 0 , 1 , 0 , 0 , 1 , 2 , 1 , 1 , 1 , 0 , 1 , 1 , 1 , 2 , NA , 2 , 1 , 0 , 1 , 1 , 1 , 1 , 1
A_0239 , A , 139.29 , 3 , 3 , 3 , 4 , 3 , 4 , 4 , 2 , 2 , 4 , 2 , 3 , 3 , 3 , 4 , 3 , 3 , 3 , 3 , 3 , 3 , 3 , NA , NA , NA , NA , 3 , 3 , 2 , NA , 2 , 4 , 4 , NA , 3 , 3 , 3 , 4 , NA , 3 , 4 , 3 , 3 , NA , 3 , 4 , 3 , 4 , NA , 4 , 2 , 2 , NA , 3 , 3 , 3 , 3 , 3 , 4 , 3 , 4 , 4 , 2 , NA , 3 , 2 , 3 , 3 , NA , 3 , 3 , 4 , 2 , 4 , 4 , 2 , 2 , 2 , 2 , NA , NA , 3 , 2 , 4 , 4 , 4 , 3 , 3 , 3 , 2 , 2 , 1 , 4 , 4 , 2 , 4 , 3 , 2 , 3 , 2 , 2 , 2
A_0240 , A , 139.29 , 4 , 3 , 3 , 4 , 4 , 4 , 4 , 3 , NA , 4 , 3 , 4 , 3 , 4 , 4 , 4 , 4 , 4 , 3 , 3 , 4 , 4 , 4 , 4 , 3 , 4 , 4 , 4 , NA , 1 , NA , 4 , 4 , 4 , 4 , 4 , 3 , 4 , 3 , 3 , 4 , NA , 3 , 4 , NA , 4 , 4 , 4 , 4 , 4 , 3 , NA , 3 , 3 , 4 , 3 , 4 , 3 , 4 , NA , 4 , 4 , 3 , 3 , 3 , 3 , 3 , 4 , 4 , NA , 4 , 4 , 3 , 4 , 4 , 2 , 3 , 3 , NA , 4 , 4 , 4 , 3 , 4 , 4 , 4 , NA , 3 , 3 , 4 , 3 , 2 , 4 , 4 , 3 , 4 , 4 , NA , 3 , 2 , 3 , 3
A_0242 , A , 140.32 , 1 , 1 , 1 , 0 , 1 , 0 , 0 , 2 , 2 , 0 , 2 , 1 , 1 , 1 , 0 , 1 , 1 , 1 , 1 , 1 , 1 , 1 , 0 , 0 , 1 , 0 , 1 , NA , 2 , 1 , 2 , NA , NA , 1 , 1 , 1 , NA , 0 , NA , 2 , NA , 1 , NA , 0 , 1 , 0 , NA , 0 , 0 , 0 , 2 , 2 , 1 , 1 , 1 , 1 , 1 , 1 , 0 , 1 , 0 , NA , 2 , NA , 1 , 2 , 1 , 1 , NA , 1 , NA , 0 , 2 , 0 , 0 , 2 , 2 , 2 , 2 , 1 , 1 , 1 , 2 , 0 , 0 , NA , 1 , 1 , NA , 2 , 2 , 3 , NA , 0 , 2 , 0 , 1 , NA , 1 , 2 , 3 , NA
A_0244 , A , 140.32 , 0 , 1 , 1 , 0 , 0 , 0 , 0 , 1 , 1 , 0 , 1 , 0 , 1 , 0 , 0 , 0 , 0 , 0 , 1 , 1 , 0 , 0 , 0 , 0 , 1 , 0 , 0 , 0 , NA , 0 , 1 , 0 , 0 , 0 , 0 , 0 , 1 , 0 , 1 , 1 , 0 , NA , 1 , NA , 0 , 0 , 0 , 0 , 0 , 0 , 1 , 1 , 1 , 1 , 0 , NA , 0 , 1 , 0 , 0 , 0 , 0 , 1 , 1 , 1 , 1 , NA , 0 , 0 , 1 , 0 , 0 , 1 , 0 , 0 , 2 , 1 , 1 , 1 , 0 , 0 , 0 , 3 , 0 , 0 , 0 , 2 , 1 , 1 , 0 , 1 , 2 , 0 , 0 , 1 , 0 , 0 , 1 , 0 , 2 , 1 , NA
A_0245 , A , 141.77 , 1 , 1 , NA , 0 , 0 , 0 , 0 , 2 , 2 , NA , 2 , NA , NA , 1 , 0 , 1 , 1 , 1 , 1 , 1 , NA , 1 , 0 , 0 , 1 , 0 , 1 , 1 , 2 , 1 , 2 , 0 , NA , 1 , 1 , 1 , 1 , 0 , 2 , 2 , 0 , 1 , NA , 0 , NA , 0 , 1 , 0 , 0 , 0 , 2 , 2 , 1 , 1 , NA , NA , 1 , 1 , 0 , 1 , 0 , 0 , 2 , 1 , 1 , 2 , 1 , NA , 1 , 1 , 1 , 0 , 2 , NA , NA , 2 , 2 , 2 , 2 , 1 , 1 , 1 , 2 , 0 , 0 , 0 , 1 , 1 , 1 , 2 , 2 , 3 , 0 , 0 , 2 , 0 , 1 , 2 , NA , NA , 2 , 2
A_0246 , A , 141.77 , 3 , 3 , 3 , 4 , NA , 4 , 4 , 2 , 2 , 4 , NA , 3 , NA , 3 , 4 , NA , 3 , NA , 3 , 3 , 3 , 3 , 4 , 4 , 3 , 4 , 3 , 3 , 2 , 3 , 2 , 4 , NA , 3 , 3 , 3 , 3 , 4 , 2 , 2 , 4 , NA , 3 , 4 , 3 , NA , 3 , 4 , 4 , NA , 2 , 2 , 3 , 3 , 3 , NA , 3 , 3 , 4 , 3 , NA , 4 , 2 , 3 , 3 , 2 , NA , NA , 3 , 3 , 3 , 4 , 2 , 4 , 4 , 2 , 2 , 2 , NA , 3 , 3 , 3 , 2 , 4 , 4 , 4 , 3 , 3 , 3 , 2 , 2 , 1 , 4 , 4 , 2 , NA , 3 , 2 , 3 , 2 , 2 , 2
A_0247 , A , 141.89 , 1 , 1 , 1 , 0 , NA , 0 , 0 , 2 , 2 , NA , NA , NA , 1 , 1 , 0 , 1 , 1 , 1 , 1 , 1 , 1 , 1 , 0 , 0 , 1 , 0 , 1 , 1 , 2 , 1 , 2 , 0 , 0 , 1 , 1 , 1 , 1 , 0 , 2 , NA , 0 , 1 , 1 , 0 , 1 , 0 , 1 , 0 , 0 , 0 , 2 , 2 , 1 , NA , 1 , 1 , 1 , 1 , 0 , 1 , 0 , 0 , 2 , 1 , 1 , 2 , 1 , 1 , 1 , 1 , 2 , 0 , 2 , 0 , 0 , 2 , 2 , 2 , 2 , 1 , NA , 1 , 2 , 0 , 0 , NA , 1 , 1 , 1 , 2 , 2 , 3 , 0 , 0 , 2 , 0 , 1 , 2 , 1 , 2 , 2 , 2
A_0248 , A , 142.45 , 1 , 1 , 1 , 0 , 0 , NA , 0 , 2 , 2 , 0 , 2 , 1 , 1 , 1 , 0 , NA , 1 , 1 , 1 , 1 , 1 , 1 , 0 , 0 , 1 , 0 , 1 , 1 , NA , NA , 2 , 0 , 0 , 2 , 1 , 1 , 1 , 0 , 2 , NA , 0 , 1 , 1 , 0 , 1 , 0 , 1 , 0 , 0 , 0 , 2 , 2 , 1 , 1 , 1 , 1 , 1 , NA , 0 , 1 , 0 , 0 , 2 , NA , 1 , 2 , NA , NA , 1 , 1 , 1 , 0 , 2 , 0 , 0 , 2 , 2 , 2 , 1 , NA , 1 , 1 , 2 , 0 , 0 , 0 , 1 , 1 , 1 , 2 , 2 , 3 , 0 , NA , 2 , 0 , 1 , 2 , 1 , 2 , 2 , 2
A_0249 , A , 143.76 , 0 , 1 , 0 , 1 , 0 , 1 , 0 , 0 , 0 , 1 , 0 , NA , 1 , 1 , 0 , 1 , 0 , 1 , 1 , 0 , NA , 1 , 0 , 1 , 0 , 0 , 1 , 0 , 0 , 0 , 0 , 1 , 0 , 0 , 2 , 1 , 0 , 0 , NA , 0 , 0 , NA , 1 , 0 , 1 , 1 , 0 , 1 , 1 , 1 , 0 , 0 , 0 , 1 , 0 , 0 , 1 , NA , 0 , 1 , 1 , 0 , 0 , 0 , 1 , 0 , 1 , 1 , 1 , 1 , 1 , 1 , 0 , 1 , 1 , 0 , 0 , 0 , 1 , 2 , 1 , 1 , 1 , 1 , 1 , 0 , 0 , 0 , 0 , 1 , 0 , 0 , 1 , 1 , 0 , 0 , 1 , 1 , 1 , 0 , 1 , 0
A_0250 , A , 144.34 , 3 , 3 , 3 , 3 , 1 , 3 , 1 , 3 , 4 , 2 , 3 , 3 , 3 , 4 , 3 , 3 , 2 , 4 , 3 , NA , 3 , 3 , 2 , 3 , 3 , 2 , 3 , 2 , 3 , 2 , 3 , 3 , 2 , 3 , 4 , NA , 4 , 1 , 3 , 4 , NA , 3 , 3 , 4 , 3 , 2 , 2 , 3 , 4 , NA , 3 , NA , 2 , 3 , 3 , 3 , 3 , NA , 2 , 4 , 3 , 2 , 4 , 4 , 4 , 4 , 3 , 3 , 2 , 3 , 3 , NA , 4 , NA , 0 , 3 , 3 , NA , 3 , 4 , 3 , NA , 4 , 3 , 2 , 3 , 3 , 3 , 4 , 3 , 3 , 3 , 2 , 2 , 2 , 3 , 4 , 3 , 3 , NA , 3 , 4
A_0251 , A , 144.76 , 3 , 3 , 3 , 4 , 4 , 4 , NA , 2 , 2 , 4 , 2 , 3 , 3 , 3 , 4 , 3 , 3 , 3 , 3 , 3 , 3 , 3 , 4 , 4 , 3 , 4 , 3 , 3 , 2 , 3 , 2 , 4 , 4 , NA , 3 , NA , 3 , 4 , NA , 2 , 4 , 3 , 3 , 4 , 3 , 4 , 3 , NA , 4 , 4 , 2 , NA , 3 , 3 , 3 , 3 , 3 , 3 , 4 , 3 , 4 , 4 , 2 , NA , NA , 2 , 3 , 3 , 3 , 3 , 3 , 4 , 2 , NA , 4 , 1 , 2 , 2 , 3 , 3 , 3 , 3 , 2 , 4 , NA , 4 , 3 , 3 , NA , 2 , 2 , 1 , 4 , NA , NA , 4 , 3 , 2 , 3 , 2 , 2 , 2
A_0252 , A , 145.71 , 3 , 2 , 3 , 2 , 1 , 2 , NA , 3 , 3 , 1 , 3 , 3 , 2 , 3 , NA , 2 , 2 , 3 , 2 , 4 , 3 , 2 , 2 , 2 , 3 , 2 , 2 , 2 , 3 , 2 , 3 , 2 , 2 , 3 , 3 , 2 , 3 , 1 , 1 , 4 , NA , 3 , 2 , 4 , 2 , 2 , NA , 2 , 3 , 1 , 3 , 3 , 2 , 2 , 1 , 3 , 2 , NA , NA , 1 , 2 , 2 , 4 , 4 , NA , NA , 2 , 2 , 1 , 2 , 2 , NA , 4 , 2 , 1 , 3 , 3 , 3 , 2 , NA , 2 , 2 , 3 , 2 , 1 , 3 , 3 , 3 , NA , 2 , 3 , 3 , NA , 1 , 2 , 3 , 3 , 2 , 4 , 3 , 2 , 4
A_0253 , A , 145.75 , 1 , 1 , 1 , 0 , 0 , 0 , 0 , 2 , 2 , NA , 2 , 1 , 1 , 1 , 0 , 1 , NA , 1 , 1 , 1 , 1 , 1 , 0 , 0 , 1 , 0 , 1 , 1 , 2 , 1 , 2 , 1 , 0 , 2 , 2 , 1 , 1 , 0 , 1 , 2 , 0 , 1 , 1 , 0 , 1 , 0 , 1 , 0 , 0 , 1 , 2 , 2 , 1 , 2 , 1 , 1 , 1 , NA , 0 , NA , 0 , 0 , 2 , 1 , 1 , 2 , 1 , 1 , 1 , 1 , 1 , 1 , 2 , 0 , 0 , 3 , 2 , 2 , 1 , NA , 1 , 1 , 2 , 0 , 0 , 0 , 1 , 1 , 1 , 2 , 2 , 3 , 0 , 0 , 2 , 0 , 1 , 2 , 1 , 2 , NA , 2
A_0255 , A , 147.37 , 3 , 2 , 3 , 2 , 1 , 2 , 1 , 3 , 4 , 1 , 3 , 3 , 2 , 3 , 2 , 2 , 2 , 3 , 2 , 4 , 3 , NA , 2 , 2 , 3 , 1 , 2 , NA , 3 , NA , NA , 2 , 2 , 3 , 3 , 2 , 3 , 1 , NA , 4 , 2 , 3 , 2 , NA , 2 , 1 , 2 , 2 , NA , 1 , 3 , 3 , 2 , 3 , 3 , 3 , 2 , 3 , 2 , 1 , 2 , NA , 4 , 4 , 3 , 4 , 2 , 2 , 1 , 2 , 2 , 1 , 4 , 2 , 1 , 4 , NA , 3 , 2 , NA , 2 , 2 , 3 , 2 , 1 , 3 , NA , NA , 4 , 2 , 3 , 3 , 2 , 1 , 2 , 3 , 3 , 2 , 2 , NA , 2 , 4
A_0256 , A , 148.39 , 3 , 3 , 3 , 4 , 4 , 4 , 4 , 2 , 2 , 4 , 2 , 3 , 3 , 2 , 4 , 3 , 3 , 3 , 3 , 2 , 3 , 3 , 4 , 4 , 3 , 4 , 3 , 3 , 2 , NA , 2 , 3 , 4 , 2 , NA , NA , 3 , 4 , 3 , 2 , NA , NA , 3 , 4 , 3 , 4 , 3 , 4 , 4 , 3 , 2 , 2 , 3 , 2 , 3 , 3 , 2 , 3 , 4 , 3 , NA , NA , NA , NA , 3 , 2 , 3 , 3 , 3 , 3 , 3 , 3 , 2 , NA , 4 , 2 , 2 , 2 , 3 , 3 , 3 , 3 , 2 , 4 , 2 , 4 , 3 , 3 , 3 , 2 , 2 , 1 , 4 , 4 , 2 , 4 , NA , 2 , 3 , 2 , 2 , 2
A_0257 , A , 148.39 , 0 , 1 , 1 , 0 , 0 , 0 , 0 , 1 , 1 , 0 , NA , 0 , 1 , 0 , 0 , 0 , 0 , 0 , 1 , 4 , 0 , 0 , 0 , 0 , 1 , 0 , 0 , 0 , 1 , 0 , 1 , 0 , 0 , 1 , 1 , 0 , NA , 0 , 0 , 1 , 0 , NA , 1 , NA , 0 , 0 , NA , 0 , 0 , 0 , 1 , 1 , 1 , 1 , 0 , 1 , 1 , 1 , 0 , 0 , 0 , 0 , NA , 1 , NA , 1 , 1 , 0 , 0 , 1 , 4 , 0 , 1 , 0 , 0 , 2 , 1 , 1 , NA , NA , 0 , 0 , 1 , 0 , 0 , NA , 1 , 1 , 1 , 0 , 1 , 0 , 0 , 0 , NA , 0 , 0 , 1 , 1 , 2 , 1 , 1
A_0258 , A , 148.39 , 4 , 3 , 3 , 4 , NA , 4 , 4 , 3 , NA , 4 , 3 , 4 , 3 , 4 , 4 , 4 , 4 , 4 , 3 , 3 , 4 , 4 , 4 , 4 , 3 , 4 , 4 , 4 , 3 , 4 , 3 , 4 , 2 , 3 , NA , 4 , 3 , 4 , 4 , 3 , 4 , 3 , 3 , 4 , 4 , 4 , 4 , 4 , 4 , 4 , NA , 3 , 4 , 3 , NA , 3 , 3 , 3 , 4 , 4 , 4 , NA , 2 , 3 , 3 , NA , 3 , 4 , 4 , 3 , 4 , 4 , 3 , 4 , 4 , NA , 3 , 3 , NA , 4 , 4 , 4 , 3 , 0 , 4 , 4 , NA , NA , 3 , 4 , 3 , 2 , 4 , 4 , 3 , 4 , 4 , 3 , 3 , 2 , 3 , 3
